1000, 1.316457
1000, 1.174902
1000, 1.287111
1000, 1.237939
1000, 1.214545
1000, 1.284994
1000, 1.213939
1000, 1.193214
1000, 1.273347
1000, 1.266292
1000, 1.421216
1000, 1.289650
1000, 2.240067
1000, 2.335520
1000, 2.310887
1000, 2.547294
1000, 2.520771
1000, 2.344223
1000, 2.420767
1000, 2.446220
1000, 2.397893
1000, 2.548785
1000, 2.408373
1000, 2.498741
1000, 2.353656
1000, 2.384761
1000, 2.585324
1000, 2.484553
1000, 2.481490
1000, 2.441767
1000, 2.430616
1000, 2.424647
1000, 2.379659
1000, 2.476176
1000, 1.240448
1000, 1.302183
1000, 1.259346
1000, 1.252668
1000, 1.284027
1000, 1.254459
1000, 1.179240
1000, 1.150387
1000, 1.223525
1000, 1.167944
1000, 1.238113
1000, 1.206212
1000, 1.185999
1000, 1.222811
1000, 1.309721
1000, 1.220367
1000, 1.250579
1000, 1.283443
1000, 2.393218
1000, 2.591372
1000, 2.456907
1000, 2.404414
1000, 2.446503
1000, 2.578431
1000, 2.509750
1000, 2.367305
1000, 2.502684
1000, 2.505507
1000, 2.472876
1000, 2.407163
1000, 2.478216
1000, 2.380225
1000, 2.653411
1000, 2.546407
1000, 2.360859
1000, 2.634124
1000, 2.458461
1000, 2.508382
1000, 2.473546
1000, 2.532273
1000, 2.613833
1000, 1.227926
1000, 1.272013
1000, 1.133729
1000, 1.259673
1000, 1.265962
1000, 1.280000
1000, 1.303439
1000, 1.260864
1000, 1.312195
1000, 1.242994
1000, 1.227895
1000, 1.237706
1000, 1.232612
1000, 1.255689
1000, 1.244280
1000, 1.222332
1000, 1.208038
1000, 1.271780
1000, 1.183380
1000, 1.281024
1000, 1.256831
1000, 1.263029
1000, 1.230962
1000, 1.346243
1000, 1.221363
1000, 1.283895
1000, 1.281726
1000, 1.243889
1000, 1.222205
1000, 1.269007
1000, 1.255358
1000, 1.212612
1000, 1.290616
1000, 1.231368
1000, 1.056288
1000, 1.189855
1000, 2.422320
1000, 2.442010
1000, 2.442246
1000, 2.393081
1000, 2.321520
1000, 2.470189
1000, 2.278218
1000, 2.333735
1000, 2.465850
1000, 2.762543
1000, 2.368609
1000, 2.462860
1000, 2.497595
1000, 2.401804
1000, 2.356538
1000, 2.447063
1000, 2.326230
1000, 2.471645
1000, 2.430644
1000, 2.399923
1000, 2.428875
1000, 2.527187
1000, 1.205748
1000, 1.282734
1000, 1.253567
1000, 1.286763
1000, 1.244927
1000, 1.275741
1000, 1.204546
1000, 1.234143
1000, 1.281548
1000, 1.346208
1000, 1.204098
1000, 1.290521
1000, 1.332731
1000, 1.256738
1000, 1.283042
1000, 1.259783
1000, 1.252147
1000, 1.141103
1000, 2.321904
1000, 2.457479
1000, 2.483577
1000, 2.418372
1000, 2.529398
1000, 2.660664
1000, 2.408140
1000, 2.282797
1000, 2.445756
1000, 2.460207
1000, 2.525563
1000, 2.151129
1000, 2.484608
1000, 2.393256
1000, 2.487633
1000, 2.434637
1000, 2.380978
1000, 2.305958
1000, 2.437190
1000, 2.273364
1000, 2.441828
1000, 2.435769
1000, 2.440537
1000, 2.371586
1000, 2.364171
1000, 2.400384
1000, 2.331043
1000, 2.398411
1000, 2.482882
1000, 2.500195
1000, 2.362677
1000, 2.434776
1000, 2.460165
1000, 2.392904
1000, 2.457758
1000, 2.429148
1000, 2.414410
1000, 2.370032
1000, 2.631903
1000, 2.529421
1000, 2.474902
1000, 2.375933
1000, 2.301382
1000, 2.364935
1000, 2.408335
1000, 2.452034
1000, 2.468451
1000, 2.544482
1000, 2.379908
1000, 2.634529
1000, 2.310951
1000, 2.523527
1000, 2.320632
1000, 2.433861
1000, 2.676183
1000, 2.397092
1000, 2.462571
1000, 2.658815
1000, 2.234036
1000, 2.251462
1000, 2.269148
1000, 2.566589
1000, 2.580798
1000, 2.611072
1000, 2.292532
1000, 2.635595
1000, 2.396875
1000, 2.558819
1000, 2.503298
1000, 2.440424
1000, 2.341174
1000, 2.782725
1000, 2.303642
1000, 2.496785
1000, 2.506810
1000, 2.477832
1000, 2.684100
1000, 2.527645
1000, 2.525626
1000, 2.633746
1000, 2.628591
1000, 2.445837
1000, 2.601899
1000, 2.578545
1000, 2.489997
1000, 2.506734
1000, 2.537897
1000, 2.503790
1000, 2.296296
1000, 1.207537
1000, 1.203848
1000, 1.234119
1000, 1.297638
1000, 1.264370
1000, 1.139749
1000, 1.162962
1000, 1.149726
1000, 1.231773
1000, 1.276175
1000, 1.246468
1000, 1.260532
1000, 1.191941
1000, 1.242339
1000, 1.212841
1000, 1.260105
1000, 1.194905
1000, 1.222735
1000, 2.541189
1000, 2.523671
1000, 2.337842
1000, 2.537530
1000, 2.254979
1000, 2.348902
1000, 2.436676
1000, 2.445384
1000, 2.396564
1000, 2.497628
1000, 2.433135
1000, 2.370472
1000, 2.598101
1000, 2.447246
1000, 2.155244
1000, 2.440752
1000, 2.499042
1000, 2.485755
1000, 2.484745
1000, 2.383493
1000, 2.376756
1000, 2.309237
1000, 2.403313
1000, 1.287041
1000, 1.215491
1000, 1.242067
1000, 1.268393
1000, 1.253685
1000, 1.295613
1000, 1.209605
1000, 1.271572
1000, 1.230332
1000, 1.272742
1000, 1.220258
1000, 1.269956
1000, 1.248043
1000, 1.325355
1000, 1.278970
1000, 1.242643
1000, 1.233452
1000, 1.271484
1000, 2.449609
1000, 2.518562
1000, 2.465158
1000, 2.338542
1000, 2.475594
1000, 2.500552
1000, 2.425100
1000, 2.427078
1000, 2.348403
1000, 2.586829
1000, 2.477477
1000, 2.430695
1000, 2.298133
1000, 2.617051
1000, 2.428009
1000, 2.469412
1000, 2.443396
1000, 2.398379
1000, 2.434538
1000, 2.504525
1000, 2.424499
1000, 2.475607
1000, 2.420503
1000, 1.271127
1000, 1.326064
1000, 1.248685
1000, 1.267490
1000, 1.166174
1000, 1.270347
1000, 1.313975
1000, 1.229765
1000, 1.249009
1000, 1.224310
1000, 1.226139
1000, 1.307665
1000, 1.370860
1000, 1.153115
1000, 1.177637
1000, 1.285714
1000, 1.211952
1000, 2.156868
1000, 2.450793
1000, 2.476087
1000, 2.495466
1000, 2.597058
1000, 2.419227
1000, 2.673412
1000, 2.543571
1000, 2.467011
1000, 2.483876
1000, 2.771426
1000, 2.118761
1000, 2.369316
1000, 2.481947
1000, 2.395222
1000, 2.432588
1000, 2.573902
1000, 2.631587
1000, 2.421272
1000, 2.424955
1000, 2.585048
1000, 2.497840
1000, 2.249661
1000, 2.470183
1000, 2.479434
1000, 2.436456
1000, 2.443325
1000, 2.374133
1000, 2.420800
1000, 2.478478
1000, 2.336967
1000, 2.140296
1000, 2.243885
1000, 2.318708
1000, 2.444669
1000, 2.424510
1000, 2.442711
1000, 2.414684
1000, 2.542305
1000, 2.576185
1000, 2.262288
1000, 2.721499
1000, 2.508285
1000, 2.514717
1000, 2.500742
1000, 2.372473
1000, 1.166438
1000, 1.292224
1000, 1.301040
1000, 1.263998
1000, 1.105787
1000, 1.228695
1000, 1.305042
1000, 1.231417
1000, 1.233271
1000, 1.201355
1000, 1.212292
1000, 1.256218
1000, 1.229927
1000, 1.220759
1000, 1.237147
1000, 1.209620
1000, 1.210100
1000, 2.536744
1000, 2.450671
1000, 2.294059
1000, 2.449611
1000, 2.520067
1000, 2.501215
1000, 2.543521
1000, 2.450850
1000, 2.386284
1000, 2.502931
1000, 2.422030
1000, 2.484903
1000, 2.572912
1000, 2.378203
1000, 2.492994
1000, 2.521418
1000, 2.483541
1000, 2.505964
1000, 2.417503
1000, 2.540363
1000, 2.458607
1000, 2.393563
1000, 2.515127
1000, 1.216075
1000, 1.222149
1000, 1.249000
1000, 1.217260
1000, 1.227281
1000, 1.261205
1000, 1.262121
1000, 1.284411
1000, 1.249400
1000, 1.162134
1000, 1.239474
1000, 1.243653
1000, 1.269077
1000, 1.279609
1000, 1.300481
1000, 1.266685
1000, 1.174466
1000, 1.182393
1000, 2.497193
1000, 2.489330
1000, 2.588675
1000, 2.537424
1000, 2.561482
1000, 2.450423
1000, 2.456469
1000, 2.567935
1000, 2.438067
1000, 2.481805
1000, 2.350487
1000, 2.555917
1000, 2.533743
1000, 2.329069
1000, 2.537723
1000, 2.291168
1000, 2.405636
1000, 2.620773
1000, 2.335715
1000, 2.495971
1000, 2.505415
1000, 2.417369
1000, 2.390343
1000, 1.242017
1000, 1.258139
1000, 1.270999
1000, 1.260298
1000, 1.194186
1000, 1.264488
1000, 1.245827
1000, 1.257685
1000, 1.231588
1000, 1.242508
1000, 1.271636
1000, 1.306207
1000, 1.247123
1000, 1.267314
1000, 1.302361
1000, 1.296351
1000, 1.244704
1000, 1.201875
1000, 2.693946
1000, 2.516381
1000, 2.515221
1000, 2.464085
1000, 2.367656
1000, 2.357820
1000, 2.582713
1000, 2.405011
1000, 2.407828
1000, 2.546996
1000, 2.500505
1000, 2.326341
1000, 2.195838
1000, 2.399176
1000, 2.556064
1000, 2.540962
1000, 2.472394
1000, 2.345348
1000, 2.566206
1000, 2.419031
1000, 2.442983
1000, 2.167438
1000, 1.261919
1000, 1.220165
1000, 1.199931
1000, 1.232554
1000, 1.229575
1000, 1.249246
1000, 1.125085
1000, 1.195713
1000, 1.165715
1000, 1.200221
1000, 1.266366
1000, 1.268656
1000, 1.192913
1000, 1.250628
1000, 1.276110
1000, 1.307986
1000, 1.249551
1000, 1.201249
1000, 2.483711
1000, 2.578240
1000, 2.407073
1000, 2.496082
1000, 2.494108
1000, 2.424632
1000, 2.300829
1000, 2.490848
1000, 2.618528
1000, 2.402025
1000, 2.515597
1000, 2.350282
1000, 2.413972
1000, 2.357611
1000, 2.467885
1000, 2.317491
1000, 2.454673
1000, 2.326409
1000, 2.399862
1000, 2.359594
1000, 2.401364
1000, 2.396269
1000, 2.297558
1000, 2.435311
1000, 2.438294
1000, 2.405263
1000, 2.407702
1000, 2.252329
1000, 2.402398
1000, 2.427365
1000, 2.443291
1000, 2.349133
1000, 2.342360
1000, 2.346565
1000, 2.373939
1000, 2.436565
1000, 2.603550
1000, 2.438842
1000, 2.547297
1000, 2.356580
1000, 2.387469
1000, 2.388224
1000, 2.380134
1000, 2.327853
1000, 2.433288
1000, 1.305611
1000, 1.209626
1000, 1.282907
1000, 1.204075
1000, 1.156178
1000, 1.208503
1000, 1.203782
1000, 1.258504
1000, 1.282003
1000, 1.236008
1000, 1.294617
1000, 1.216641
1000, 1.234865
1000, 1.218462
1000, 1.270680
1000, 1.212970
1000, 1.244456
1000, 1.220085
1000, 1.264676
1000, 1.238839
1000, 1.191674
1000, 1.247494
1000, 1.279792
1000, 1.241328
1000, 1.203444
1000, 1.081948
1000, 1.282877
1000, 1.219843
1000, 1.240979
1000, 1.243305
1000, 1.274820
1000, 1.268610
1000, 1.236760
1000, 1.247506
1000, 1.199922
1000, 1.184586
1000, 1.299389
1000, 1.259305
1000, 1.153582
1000, 1.358553
1000, 1.247492
1000, 1.215633
1000, 1.176851
1000, 1.214724
1000, 1.327358
1000, 1.254055
1000, 1.241876
1000, 1.320827
1000, 1.194450
1000, 1.212311
1000, 1.272024
1000, 1.333747
1000, 1.133257
1000, 1.252224
1000, 1.198756
1000, 1.220974
1000, 1.323720
1000, 1.239179
1000, 1.340942
1000, 1.323550
1000, 1.250751
1000, 1.291986
1000, 1.160068
1000, 1.280568
1000, 1.240040
1000, 1.299356
1000, 1.213093
1000, 2.275053
1000, 2.399294
1000, 2.201036
1000, 2.333817
1000, 2.425738
1000, 2.289019
1000, 2.299891
1000, 2.428614
1000, 2.575725
1000, 2.515154
1000, 2.318073
1000, 2.313072
1000, 2.306475
1000, 2.785904
1000, 2.370409
1000, 2.404399
1000, 2.466459
1000, 2.453357
1000, 2.545142
1000, 2.481737
1000, 2.383009
1000, 2.378519
1000, 2.333406
1000, 2.535749
1000, 2.193551
1000, 2.455806
1000, 2.463647
1000, 2.318353
1000, 2.259407
1000, 2.369466
1000, 2.626925
1000, 2.238951
1000, 2.413360
1000, 2.422863
1000, 2.569623
1000, 2.415749
1000, 2.405992
1000, 2.410380
1000, 2.419590
1000, 2.545634
1000, 2.365275
1000, 2.531813
1000, 2.708669
1000, 2.400512
1000, 2.605847
1000, 1.237420
1000, 1.232508
1000, 1.308017
1000, 1.218368
1000, 1.184073
1000, 1.220371
1000, 1.280402
1000, 1.224283
1000, 1.171718
1000, 1.135985
1000, 1.223355
1000, 1.277405
1000, 1.281174
1000, 1.232488
1000, 1.223058
1000, 1.338186
1000, 1.183211
1000, 1.219909
1000, 1.241763
1000, 1.230937
1000, 1.322392
1000, 1.248319
1000, 1.215419
1000, 1.236566
1000, 1.256943
1000, 1.282998
1000, 1.243042
1000, 1.195794
1000, 1.299817
1000, 1.236367
1000, 1.207231
1000, 1.239797
1000, 1.232825
1000, 1.254293
1000, 1.284591
1000, 1.188788
1000, 1.183470
1000, 1.194142
1000, 1.169612
1000, 1.269276
1000, 1.233108
1000, 1.259953
1000, 1.216232
1000, 1.209269
1000, 1.229522
1000, 1.218713
1000, 1.192314
1000, 1.148272
1000, 1.279222
1000, 1.248012
1000, 1.235782
1000, 1.287189
1000, 1.223243
1000, 1.204876
1000, 1.264668
1000, 1.246536
1000, 1.284914
1000, 1.281472
1000, 1.265814
1000, 1.218675
1000, 1.246427
1000, 1.233627
1000, 1.272674
1000, 1.240907
1000, 1.281001
1000, 1.309756
1000, 1.330348
1000, 1.135585
1000, 1.251562
1000, 1.186624
1000, 1.270815
1000, 1.269276
1000, 2.430514
1000, 2.404083
1000, 2.364765
1000, 2.606405
1000, 2.467919
1000, 2.369779
1000, 2.486758
1000, 2.287982
1000, 2.409886
1000, 2.351020
1000, 2.370517
1000, 2.486271
1000, 2.342553
1000, 2.099106
1000, 2.720391
1000, 2.426750
1000, 2.414123
1000, 2.436723
1000, 2.204688
1000, 2.483101
1000, 2.462481
1000, 2.359744
1000, 2.387864
1000, 2.349179
1000, 2.232727
1000, 2.417655
1000, 2.386235
1000, 2.322925
1000, 2.425306
1000, 2.245706
1000, 2.321804
1000, 2.334681
1000, 2.334147
1000, 2.421636
1000, 2.383088
1000, 2.359002
1000, 2.430288
1000, 2.361407
1000, 2.535548
1000, 2.391521
1000, 2.510212
1000, 2.321357
1000, 2.404750
1000, 2.536810
1000, 1.297233
1000, 1.238508
1000, 1.215369
1000, 1.238638
1000, 1.159709
1000, 1.254886
1000, 1.229801
1000, 1.220669
1000, 1.290364
1000, 1.259278
1000, 1.143580
1000, 1.257350
1000, 1.266916
1000, 1.275766
1000, 1.244608
1000, 1.299204
1000, 1.154010
1000, 1.258840
1000, 2.476227
1000, 2.535038
1000, 2.499419
1000, 2.506598
1000, 2.473684
1000, 2.481744
1000, 2.311868
1000, 2.667988
1000, 2.351648
1000, 2.544268
1000, 2.348463
1000, 2.756889
1000, 2.504120
1000, 2.441466
1000, 2.746477
1000, 2.133618
1000, 2.620490
1000, 2.508295
1000, 2.226620
1000, 2.320811
1000, 2.389565
1000, 2.316023
1000, 1.211333
1000, 1.280439
1000, 1.234864
1000, 1.280969
1000, 1.240156
1000, 1.245897
1000, 1.229682
1000, 1.225044
1000, 1.251286
1000, 1.278098
1000, 1.322726
1000, 1.284143
1000, 1.233449
1000, 1.192399
1000, 1.173928
1000, 1.109857
1000, 1.236138
1000, 1.230309
1000, 1.244155
1000, 1.329233
1000, 1.240253
1000, 1.203746
1000, 1.284979
1000, 1.208061
1000, 1.267345
1000, 1.160845
1000, 1.208170
1000, 1.228690
1000, 1.280112
1000, 1.191447
1000, 1.262130
1000, 1.194410
1000, 1.275426
1000, 1.208609
1000, 1.226818
1000, 2.403174
1000, 2.445643
1000, 2.413589
1000, 2.437351
1000, 2.527362
1000, 2.492037
1000, 2.470774
1000, 2.526392
1000, 2.498197
1000, 2.495084
1000, 2.429231
1000, 2.373710
1000, 2.482725
1000, 2.501212
1000, 2.417373
1000, 2.582104
1000, 2.391738
1000, 2.398632
1000, 2.494705
1000, 2.336390
1000, 2.421734
1000, 2.448917
1000, 2.468454
1000, 2.428593
1000, 2.462402
1000, 2.173563
1000, 2.504128
1000, 2.517919
1000, 2.580704
1000, 2.439870
1000, 2.491396
1000, 2.428092
1000, 2.385577
1000, 2.455357
1000, 2.207651
1000, 2.414159
1000, 2.382556
1000, 2.882329
1000, 2.374739
1000, 2.391225
1000, 2.253926
1000, 2.615397
1000, 2.479315
1000, 2.470055
1000, 2.484054
1000, 1.175513
1000, 1.178569
1000, 1.254437
1000, 1.217641
1000, 1.211672
1000, 1.320962
1000, 1.273409
1000, 1.256745
1000, 1.272462
1000, 1.231855
1000, 1.249553
1000, 1.301291
1000, 1.234382
1000, 1.254913
1000, 1.205013
1000, 1.221068
1000, 1.198689
1000, 1.259544
1000, 1.299463
1000, 1.192013
1000, 1.265597
1000, 1.262347
1000, 1.194199
1000, 1.220524
1000, 1.255317
1000, 1.199343
1000, 1.264233
1000, 1.180097
1000, 1.292872
1000, 1.241034
1000, 1.271293
1000, 1.259495
1000, 1.207122
1000, 1.213539
1000, 1.253147
1000, 1.199409
1000, 2.471158
1000, 2.514561
1000, 2.393538
1000, 2.402153
1000, 2.358527
1000, 2.599672
1000, 2.518597
1000, 2.494888
1000, 2.471931
1000, 2.358898
1000, 2.383414
1000, 2.455912
1000, 2.454789
1000, 2.469052
1000, 2.313749
1000, 2.361803
1000, 2.372671
1000, 2.452446
1000, 2.353209
1000, 2.381151
1000, 2.601764
1000, 2.176551
1000, 2.646582
1000, 2.504712
1000, 2.495800
1000, 2.513772
1000, 2.386115
1000, 2.405074
1000, 2.312802
1000, 2.561502
1000, 2.352652
1000, 2.437335
1000, 2.415785
1000, 2.367907
1000, 2.080579
1000, 2.559113
1000, 2.477330
1000, 2.296080
1000, 2.401787
1000, 2.463190
1000, 2.300344
1000, 2.610379
1000, 2.601514
1000, 2.469495
1000, 2.461824
1000, 2.423255
1000, 2.428571