1, 40.909091
1, 72.428571
1, 52.428571
1, 63.500000
1, 59.833333
1, 45.625000
1, 56.571429
1, 67.833333
1, 61.000000
1, 61.166667
1, 64.333333
1, 65.166667
1, 52.500000
1, 68.666667
1, 53.714286
1, 62.666667
1, 61.166667
1, 61.166667
1, 53.857143
1, 61.833333
1, 61.166667
1, 53.142857
1, 52.571429
1, 60.333333
1, 62.666667
1, 44.250000
1, 57.000000
1, 53.000000
1, 62.500000
1, 52.142857
1, 63.000000
1, 69.833333
1, 54.142857
1, 39.100000
1, 70.166667
1, 40.555556
1, 47.625000
1, 70.166667
1, 46.375000
1, 45.250000
1, 65.500000
1, 60.833333
1, 66.000000
1, 70.000000
1, 59.166667
1, 72.833333
1, 52.285714
1, 14.960000
1, 51.714286
1, 62.000000
1, 60.666667
1, 54.428571
1, 52.428571
1, 66.166667
1, 54.142857
1, 61.142857
1, 61.166667
1, 65.000000
1, 60.833333
1, 65.333333
1, 62.500000
1, 83.500000
1, 53.142857
1, 43.777778
1, 39.200000
1, 60.222222
1, 50.700000
1, 74.142857
1, 51.000000
1, 54.285714
1, 61.166667
1, 58.285714
1, 72.600000
1, 52.428571
1, 60.833333
1, 61.000000
1, 59.333333
1, 60.500000
1, 67.500000
1, 54.857143
1, 59.500000
1, 64.500000
1, 41.111111
1, 54.285714
1, 60.142857
1, 68.000000
1, 57.777778
1, 73.333333
1, 54.857143
1, 43.222222
1, 63.666667
1, 65.000000
1, 60.500000
1, 62.333333
1, 52.000000
1, 60.714286
1, 41.222222
1, 55.200000
1, 60.142857
1, 59.285714
1, 59.666667
1, 53.571429
1, 61.166667
1, 45.090909
1, 51.666667
1, 73.000000
1, 72.166667
1, 69.428571
1, 60.500000
1, 56.571429
1, 64.666667
1, 51.428571
1, 52.285714
1, 52.714286
1, 53.428571
1, 60.333333
1, 45.500000
1, 60.666667
1, 53.142857
1, 52.857143
1, 51.714286
1, 64.833333
1, 53.444444
1, 67.857143
1, 60.333333
1, 51.714286
1, 53.428571
1, 63.833333
1, 60.833333
1, 65.000000
1, 51.714286
1, 65.833333
1, 63.666667
1, 63.000000
1, 45.444444
1, 81.166667
1, 61.285714
1, 56.285714
1, 54.285714
1, 54.285714
1, 60.166667
1, 60.500000
1, 53.428571
1, 54.285714
1, 64.166667
1, 66.166667
1, 43.555556
1, 56.555556
1, 63.000000
1, 64.500000
1, 60.500000
1, 46.875000
1, 50.428571
1, 78.833333
1, 63.166667
1, 61.000000
1, 61.333333
1, 79.666667
1, 62.500000
1, 61.666667
1, 60.000000
1, 59.000000
1, 60.500000
1, 74.333333
1, 59.333333
1, 55.142857
1, 61.500000
1, 61.833333
1, 51.285714
1, 67.000000
1, 61.833333
1, 51.428571
1, 51.571429
1, 62.500000
1, 79.666667
1, 43.777778
1, 68.833333
1, 53.285714
1, 66.333333
1, 53.000000
1, 61.500000
1, 55.571429
1, 60.833333
1, 61.833333
1, 51.285714
1, 51.571429
1, 51.285714
1, 53.571429
1, 60.333333
1, 62.166667
1, 60.500000
1, 61.666667
1, 50.714286
1, 61.166667
1, 61.000000
1, 63.500000
1, 59.000000
1, 60.333333
1, 60.166667
1, 51.000000
1, 53.857143
1, 73.333333
1, 61.333333
1, 57.571429
1, 60.666667
1, 24.733333
1, 45.875000
1, 51.625000
1, 60.571429
1, 52.428571
1, 61.500000
1, 65.166667
1, 60.833333
1, 60.833333
1, 63.000000
1, 61.000000
1, 60.166667
1, 60.500000
1, 62.666667
1, 51.000000
1, 50.857143
1, 60.333333
1, 50.714286
1, 50.714286
1, 40.666667
1, 78.000000
1, 46.000000
1, 62.666667
1, 51.571429
1, 11.933333
1, 66.666667
1, 60.166667
1, 54.857143
1, 62.166667
1, 60.285714
1, 63.833333
1, 41.222222
1, 55.200000
1, 80.142857
1, 41.111111
1, 40.800000
1, 64.833333
1, 64.333333
1, 67.833333
1, 59.500000
1, 60.166667
1, 52.714286
1, 61.833333
1, 55.428571
1, 60.833333
1, 61.333333
1, 55.571429
1, 56.714286
1, 63.000000
1, 60.833333
1, 53.000000
1, 64.000000
1, 51.714286
1, 61.333333
1, 53.714286
1, 63.166667
1, 61.000000
1, 59.333333
1, 44.500000
1, 58.333333
1, 60.333333
1, 65.666667
1, 59.833333
1, 65.666667
1, 53.714286
1, 61.333333
1, 52.285714
1, 65.166667
1, 53.285714
1, 59.833333
1, 60.000000
1, 38.700000
1, 58.222222
1, 72.714286
1, 61.666667
1, 60.000000
1, 64.333333
1, 62.166667
1, 52.285714
1, 50.285714
1, 65.500000
1, 52.714286
1, 61.500000
1, 58.500000
1, 61.833333
1, 62.500000
1, 59.833333
1, 52.000000
1, 60.666667
1, 55.714286
1, 76.000000
1, 55.000000
1, 20.611111
1, 66.000000
1, 68.833333
1, 64.333333
1, 55.000000
1, 65.166667
1, 61.333333
1, 51.000000
1, 79.000000
1, 61.166667
1, 65.333333
1, 62.000000
1, 64.500000
1, 49.111111
1, 57.285714
1, 45.500000
1, 64.833333
1, 67.166667
1, 52.142857
1, 66.666667
1, 64.000000
1, 64.833333
1, 52.571429
1, 46.750000
1, 45.777778
1, 70.333333
1, 56.142857
1, 65.666667
1, 55.714286
1, 63.000000
1, 55.571429
1, 59.833333
1, 56.000000
1, 61.166667
1, 63.500000
1, 64.333333
1, 62.500000
1, 69.333333
1, 53.428571
1, 59.500000
1, 54.285714
1, 61.500000
1, 52.142857
1, 52.571429
1, 52.857143
1, 62.166667
1, 65.833333
1, 61.000000
1, 63.500000
1, 62.333333
1, 60.333333
1, 44.250000
1, 62.500000
1, 54.714286
1, 52.857143
1, 59.333333
1, 59.666667
1, 62.666667
1, 61.500000
1, 62.166667
1, 61.000000
1, 59.000000
1, 59.166667
1, 58.500000
1, 49.000000
1, 74.333333
1, 60.666667
1, 51.000000
1, 52.714286
1, 53.285714
1, 40.555556
1, 59.111111
1, 68.571429
1, 67.833333
1, 61.666667
1, 59.500000
1, 60.500000
1, 59.142857
1, 57.571429
1, 59.666667
1, 62.833333
1, 51.714286
1, 56.571429
1, 67.166667
1, 99.428571
1, 52.142857
1, 61.666667
1, 59.166667
1, 61.000000
1, 4.344828
1, 55.000000
1, 71.333333
1, 72.000000
1, 64.333333
1, 56.285714
1, 58.000000
1, 70.833333
1, 68.500000
1, 66.500000
1, 60.500000
1, 54.142857
1, 61.333333
1, 55.571429
1, 75.666667
1, 51.428571
1, 61.833333
1, 51.571429
1, 62.500000
1, 66.166667
1, 76.000000
1, 86.500000
1, 56.571429
1, 51.714286
1, 67.000000
1, 66.000000
1, 66.285714
1, 59.833333
1, 59.571429
1, 65.166667
1, 64.833333
1, 56.142857
1, 53.000000
1, 71.000000
1, 55.571429
1, 61.333333
1, 60.166667
1, 55.142857
1, 51.857143
1, 55.571429
1, 62.833333
1, 69.833333
1, 63.166667
1, 54.000000
1, 53.714286
1, 45.250000
1, 79.571429
1, 67.333333
1, 60.000000
1, 54.571429
1, 50.571429
1, 52.571429
1, 52.285714
1, 59.857143
1, 64.166667
1, 51.857143
1, 55.428571
1, 64.000000
1, 37.100000
1, 65.000000
1, 47.555556
1, 53.333333
1, 50.125000
1, 58.428571
1, 66.500000
1, 69.000000
1, 58.888889
1, 60.000000
1, 64.333333
1, 79.666667
1, 49.125000
1, 71.833333
1, 51.250000
1, 67.500000
1, 62.500000
1, 75.166667
1, 69.500000
1, 54.857143
1, 67.333333
1, 68.000000
1, 73.500000
1, 55.000000
1, 53.857143
1, 65.000000
1, 64.000000
1, 63.333333
1, 65.000000
1, 62.833333
1, 63.000000
1, 65.333333
1, 63.500000
1, 70.000000
1, 63.666667
1, 65.166667
1, 62.166667
1, 64.833333
1, 64.500000
1, 54.666667
1, 95.666667
1, 55.285714
1, 64.166667
1, 63.500000
1, 65.166667
1, 67.000000
1, 63.333333
1, 47.250000
1, 61.500000
1, 66.000000
1, 64.333333
1, 59.000000
1, 80.333333
1, 63.500000
1, 59.285714
1, 70.666667
1, 90.500000
1, 62.166667
1, 68.166667
1, 62.833333
1, 42.444444
1, 77.857143
1, 74.666667
1, 64.666667
1, 71.166667
1, 64.166667
1, 64.666667
1, 56.428571
1, 63.833333
1, 65.333333
1, 50.222222
1, 67.250000
1, 65.333333
1, 64.500000
1, 62.833333
1, 65.333333
1, 62.000000
1, 63.166667
1, 71.000000
1, 66.833333
1, 54.714286
1, 55.000000
1, 64.833333
1, 67.166667
1, 47.000000
1, 66.166667
1, 63.833333
1, 68.500000
1, 62.833333
1, 65.666667
1, 53.625000
1, 70.666667
1, 63.833333
1, 54.142857
1, 70.000000
1, 64.500000
1, 64.000000
1, 60.000000
1, 63.166667
1, 63.000000
1, 62.000000
1, 41.900000
1, 64.166667
1, 73.666667
1, 66.166667
1, 68.000000
1, 65.000000
1, 63.833333
1, 63.333333
1, 48.125000
1, 72.666667
1, 51.625000
1, 65.000000
1, 67.000000
1, 65.000000
1, 65.000000
1, 69.666667
1, 69.000000
1, 56.428571
1, 64.333333
1, 62.500000
1, 63.000000
1, 64.666667
1, 64.000000
1, 82.333333
1, 72.666667
1, 70.285714
1, 64.833333
1, 62.833333
1, 64.333333
1, 54.857143
1, 63.500000
1, 62.166667
1, 63.333333
1, 71.000000
1, 66.000000
1, 56.428571
1, 58.000000
1, 67.833333
1, 63.000000
1, 63.666667
1, 67.833333
1, 63.333333
1, 63.166667
1, 53.571429
1, 63.500000
1, 76.500000
1, 57.142857
1, 63.833333
1, 66.833333
1, 69.333333
1, 65.333333
1, 53.428571
1, 54.000000
1, 64.833333
1, 67.000000
1, 71.666667
1, 55.000000
1, 47.750000
1, 64.500000
1, 62.500000
1, 44.444444
1, 71.166667
1, 66.833333
1, 54.285714
1, 67.500000
1, 66.000000
1, 65.166667
1, 65.666667
1, 61.285714
1, 55.428571
1, 63.666667
1, 63.500000
1, 64.000000
1, 43.444444
1, 67.333333
1, 59.857143
1, 63.333333
1, 63.166667
1, 47.222222
1, 92.833333
1, 55.142857
1, 71.166667
1, 68.666667
1, 60.000000
1, 71.166667
1, 68.000000
1, 58.285714
1, 54.142857
1, 73.333333
1, 55.285714
1, 64.500000
1, 63.166667
1, 65.166667
1, 54.285714
1, 67.000000
1, 58.142857
1, 56.142857
1, 65.666667
1, 65.500000
1, 65.833333
1, 68.500000
1, 51.625000
1, 64.666667
1, 68.166667
1, 65.166667
1, 56.000000
1, 66.333333
1, 53.428571
1, 61.571429
1, 63.833333
1, 63.666667
1, 62.666667
1, 62.333333
1, 67.833333
1, 58.714286
1, 77.500000
1, 76.000000
1, 57.285714
1, 60.571429
1, 61.833333
1, 62.833333
1, 63.500000
1, 60.428571
1, 62.333333
1, 57.142857
1, 71.666667
1, 66.833333
1, 70.166667
1, 59.500000
1, 80.666667
1, 68.500000
1, 73.000000
1, 64.666667
1, 64.166667
1, 64.500000
1, 63.333333
1, 63.500000
1, 54.000000
1, 54.571429
1, 62.166667
1, 66.000000
1, 64.000000
1, 66.166667
1, 46.250000
1, 80.833333
1, 54.571429
1, 65.166667
1, 63.500000
1, 54.714286
1, 65.166667
1, 50.625000
1, 72.500000
1, 58.000000
1, 74.500000
1, 68.833333
1, 62.833333
1, 48.625000
1, 52.400000
1, 87.833333
1, 67.000000
1, 68.166667
1, 70.500000
1, 66.333333
1, 63.833333
1, 63.166667
1, 65.166667
1, 57.571429
1, 70.666667
1, 64.500000
1, 47.250000
1, 57.222222
1, 45.750000
1, 94.500000
1, 64.666667
1, 64.166667
1, 62.666667
1, 67.000000
1, 63.833333
1, 64.000000
1, 67.333333
1, 64.714286
1, 69.500000
1, 80.666667
1, 65.166667
1, 51.375000
1, 70.166667
1, 65.833333
1, 64.833333
1, 58.571429
1, 73.833333
1, 65.333333
1, 66.666667
1, 42.111111
1, 61.777778
1, 58.875000
1, 66.000000
1, 64.833333
1, 71.000000
1, 60.142857
1, 56.857143
1, 63.666667
1, 76.333333
1, 64.333333
1, 68.500000
1, 64.666667
1, 63.000000
1, 64.000000
1, 65.000000
1, 77.000000
1, 67.833333
1, 64.000000
1, 63.333333
1, 62.666667
1, 62.666667
1, 59.428571
1, 67.166667
1, 64.833333
1, 66.166667
1, 64.666667
1, 60.125000
1, 64.666667
1, 71.500000
1, 63.285714
1, 66.500000
1, 63.666667
1, 58.428571
1, 64.833333
1, 65.333333
1, 64.000000
1, 66.000000
1, 64.000000
1, 56.666667
1, 63.500000
1, 66.166667
1, 70.166667
1, 62.571429
1, 61.714286
1, 55.428571
1, 70.666667
1, 63.000000
1, 63.666667
1, 55.428571
1, 64.333333
1, 53.857143
1, 70.500000
1, 65.666667
1, 64.833333
1, 62.000000
1, 68.166667
1, 63.666667
1, 68.666667
1, 66.833333
1, 66.000000
1, 44.333333
1, 72.166667
1, 62.666667
1, 69.333333
1, 77.833333
1, 64.333333
1, 41.666667
1, 89.500000
1, 63.500000
1, 64.666667
1, 59.428571
1, 65.166667
1, 68.000000
1, 67.833333
1, 69.333333
1, 64.166667
1, 72.833333
1, 63.333333
1, 48.250000
1, 65.000000
1, 77.333333
1, 65.500000
1, 70.000000
1, 68.666667
1, 67.833333
1, 64.833333
1, 65.500000
1, 69.500000
1, 63.333333
1, 55.571429
1, 67.000000
1, 68.166667
1, 82.666667
1, 65.333333
1, 66.500000
1, 64.666667
1, 63.142857
1, 65.833333
1, 48.555556
1, 58.125000
1, 67.000000
1, 64.666667
1, 62.333333
1, 64.000000
1, 43.666667
1, 81.833333
1, 66.000000
1, 62.833333
1, 64.333333
1, 53.571429
1, 68.000000
1, 70.333333
1, 42.818182
1, 96.500000
1, 68.166667
1, 64.500000
1, 64.666667
1, 68.000000
1, 67.500000
1, 64.166667
1, 66.500000
1, 63.000000
1, 64.000000
1, 78.285714
1, 66.000000
1, 63.500000
1, 65.500000
1, 63.500000
1, 72.500000
1, 66.428571
1, 56.571429
1, 70.666667
1, 54.625000
1, 56.500000
1, 63.333333
1, 65.333333
1, 68.666667
1, 64.166667
1, 64.666667
1, 66.166667
1, 70.166667
1, 59.555556
1, 96.333333
1, 63.666667
1, 63.500000
1, 54.142857
1, 76.166667
1, 64.833333
1, 67.333333
1, 63.333333
1, 64.000000
1, 67.833333
1, 58.142857
1, 64.666667
1, 62.666667
1, 64.333333
1, 59.571429
1, 71.333333
1, 57.555556
1, 85.833333
1, 64.666667
1, 50.875000
1, 58.777778
1, 91.666667
1, 74.666667
1, 44.000000
1, 70.333333
1, 54.428571
1, 54.142857
1, 65.333333
1, 63.666667
1, 49.375000
1, 74.333333
1, 64.666667
1, 65.333333
1, 67.166667
1, 68.333333
1, 51.125000
1, 64.500000
1, 55.714286
1, 64.833333
1, 57.857143
1, 56.000000
1, 63.500000
1, 68.166667
1, 66.500000
1, 49.500000
1, 66.833333
1, 66.500000
1, 63.666667
1, 66.000000
1, 61.857143
1, 55.571429
1, 68.666667
1, 63.000000
1, 43.888889
1, 53.500000
1, 74.500000
1, 81.500000
1, 63.833333
1, 69.500000
1, 54.000000
1, 64.833333
1, 66.333333
1, 67.500000
1, 64.166667
1, 66.500000
1, 63.833333
1, 63.333333
1, 65.000000
1, 71.833333
1, 63.833333
1, 63.000000
1, 56.857143
1, 64.500000
1, 58.285714
1, 57.285714
1, 64.333333
1, 68.333333
1, 63.333333
1, 65.166667
1, 54.571429
1, 58.857143
1, 64.166667
1, 54.428571
1, 65.166667
1, 63.333333
1, 62.666667
1, 62.666667
1, 55.857143
1, 52.714286
1, 62.166667
1, 64.666667
1, 63.166667
1, 64.500000
1, 67.333333
1, 65.166667
1, 71.000000
1, 80.500000
1, 59.714286
1, 64.166667
1, 48.375000
1, 63.833333
1, 65.333333
1, 81.500000
1, 55.142857
1, 69.000000
1, 68.166667
1, 67.166667
1, 63.666667
1, 70.666667
1, 65.333333
1, 56.571429
1, 63.666667
1, 71.333333
1, 63.666667
1, 39.200000
1, 46.875000
1, 68.833333
1, 56.142857
1, 65.000000
1, 69.500000
10, 92.702128
10, 69.894737
10, 61.983051
10, 39.595745
10, 78.553191
10, 59.647887
10, 96.000000
10, 69.980769
10, 81.042553
10, 103.574468
10, 68.648148
10, 72.366667
10, 80.127660
10, 84.042553
10, 65.171875
10, 70.113208
10, 75.978723
10, 83.893617
10, 72.814815
10, 80.404255
10, 80.000000
10, 85.745098
10, 90.446809
10, 69.750000
10, 76.659574
10, 54.295775
10, 49.486486
10, 80.574468
10, 85.291667
10, 94.234043
10, 86.595745
10, 81.312500
10, 76.702128
10, 39.053191
10, 81.042553
10, 80.808511
10, 58.553846
10, 80.425532
10, 80.468085
10, 64.050847
10, 55.727273
10, 91.510638
10, 82.936170
10, 80.617021
10, 77.489796
10, 68.888889
10, 79.553191
10, 81.893617
10, 64.701754
10, 74.852459
10, 79.020833
10, 88.782609
10, 80.020833
10, 61.149254
10, 62.106061
10, 87.468085
10, 83.042553
10, 94.723404
10, 83.148936
10, 82.659574
10, 69.000000
10, 74.148148
10, 60.163934
10, 83.653061
10, 86.702128
10, 80.276596
10, 77.041667
10, 54.185714
10, 77.914894
10, 76.928571
10, 84.212766
10, 32.130435
10, 89.617021
10, 85.702128
10, 82.148936
10, 68.050847
10, 80.840000
10, 80.510638
10, 83.744681
10, 79.468085
10, 79.234043
10, 46.682353
10, 83.000000
10, 80.255319
10, 49.545455
10, 92.680851
10, 62.629032
10, 55.842857
10, 83.979592
10, 67.765625
10, 80.638298
10, 89.183673
10, 78.106383
10, 75.176471
10, 84.446809
10, 78.020408
10, 86.574468
10, 80.702128
10, 76.319149
10, 83.857143
10, 58.895522
10, 91.212766
10, 63.066667
10, 86.640000
10, 80.787234
10, 88.234043
10, 93.340426
10, 99.617021
10, 28.541985
10, 85.211538
10, 56.514286
10, 105.680851
10, 81.446809
10, 88.765957
10, 83.895833
10, 77.687500
10, 77.212766
10, 75.120000
10, 72.518519
10, 46.312500
10, 85.893617
10, 86.085106
10, 80.957447
10, 80.489362
10, 76.255319
10, 77.936170
10, 79.291667
10, 83.687500
10, 76.102041
10, 54.694444
10, 74.979592
10, 83.166667
10, 79.875000
10, 75.520833
10, 80.895833
10, 77.145833
10, 76.612245
10, 73.807692
10, 71.061224
10, 71.428571
10, 86.666667
10, 81.346939
10, 59.966667
10, 76.734694
10, 83.645833
10, 73.530612
10, 77.229167
10, 78.645833
10, 76.270833
10, 83.775510
10, 57.809524
10, 58.423729
10, 74.937500
10, 75.520833
10, 76.395833
10, 70.877551
10, 67.351852
10, 74.083333
10, 75.755102
10, 72.306122
10, 76.959184
10, 76.312500
10, 53.723077
10, 57.578125
10, 41.617978
10, 57.444444
10, 49.621622
10, 76.653061
10, 75.755102
10, 76.354167
10, 76.312500
10, 81.469388
10, 55.969231
10, 72.632653
10, 70.666667
10, 55.584615
10, 69.711538
10, 83.583333
10, 81.104167
10, 75.541667
10, 72.166667
10, 76.562500
10, 31.264957
10, 57.951613
10, 74.666667
10, 73.229167
10, 72.203704
10, 76.770833
10, 75.208333
10, 48.940476
10, 85.795918
10, 78.437500
10, 73.836735
10, 86.469388
10, 90.775510
10, 81.250000
10, 75.224490
10, 56.047619
10, 56.126984
10, 52.400000
10, 82.735849
10, 60.411765
10, 87.208333
10, 75.244898
10, 76.333333
10, 75.104167
10, 75.583333
10, 60.250000
10, 75.979167
10, 81.816327
10, 82.530612
10, 84.857143
10, 83.183673
10, 89.204082
10, 79.687500
10, 75.958333
10, 74.729167
10, 53.119403
10, 97.583333
10, 75.395833
10, 77.187500
10, 85.428571
10, 76.687500
10, 75.895833
10, 76.836735
10, 73.571429
10, 76.673469
10, 82.244898
10, 90.680000
10, 26.970588
10, 84.583333
10, 77.551020
10, 78.979167
10, 59.081967
10, 74.437500
10, 59.132353
10, 82.448980
10, 75.775510
10, 72.918367
10, 75.729167
10, 76.687500
10, 54.072464
10, 74.795918
10, 60.237288
10, 80.387755
10, 35.564815
10, 77.367347
10, 54.738462
10, 74.632653
10, 59.782609
10, 79.854167
10, 72.520833
10, 75.285714
10, 79.979167
10, 24.895425
10, 76.520833
10, 83.979167
10, 75.469388
10, 75.312500
10, 72.163265
10, 75.958333
10, 73.714286
10, 70.620000
10, 79.510204
10, 92.229167
10, 84.458333
10, 53.240000
10, 71.738462
10, 87.557377
10, 87.551020
10, 68.171875
10, 62.714286
10, 63.137931
10, 81.791667
10, 74.959184
10, 74.877551
10, 84.833333
10, 78.062500
10, 89.166667
10, 80.729167
10, 77.000000
10, 75.326531
10, 85.479167
10, 95.604167
10, 82.755102
10, 75.265306
10, 96.687500
10, 79.791667
10, 76.270833
10, 69.557692
10, 73.729167
10, 74.448980
10, 73.408163
10, 76.877551
10, 72.820000
10, 57.092308
10, 69.431373
10, 72.791667
10, 72.000000
10, 76.061224
10, 54.268657
10, 71.081633
10, 72.040816
10, 62.620690
10, 76.163265
10, 74.666667
10, 66.396825
10, 79.938776
10, 78.431373
10, 73.591837
10, 63.237288
10, 82.583333
10, 70.830189
10, 76.734694
10, 63.456140
10, 61.707692
10, 65.962264
10, 79.937500
10, 51.804878
10, 84.510204
10, 77.541667
10, 72.490566
10, 80.480769
10, 58.356164
10, 47.241379
10, 68.296875
10, 87.346939
10, 83.041667
10, 86.354167
10, 72.229167
10, 78.020408
10, 79.326531
10, 77.375000
10, 56.290323
10, 53.560000
10, 78.571429
10, 59.239437
10, 79.632653
10, 80.061224
10, 91.062500
10, 73.857143
10, 75.833333
10, 85.897959
10, 98.500000
10, 73.775510
10, 71.627451
10, 75.333333
10, 76.530612
10, 73.510204
10, 74.551020
10, 27.038710
10, 85.265306
10, 77.224490
10, 76.145833
10, 77.937500
10, 73.812500
10, 59.220339
10, 76.062500
10, 73.081633
10, 50.788732
10, 72.081633
10, 75.020408
10, 76.306122
10, 74.571429
10, 62.678571
10, 71.895833
10, 74.812500
10, 76.916667
10, 61.245614
10, 55.596774
10, 73.458333
10, 79.081633
10, 75.632653
10, 77.520833
10, 101.250000
10, 91.708333
10, 81.020833
10, 87.708333
10, 75.979167
10, 84.595745
10, 80.702128
10, 81.166667
10, 77.020408
10, 74.000000
10, 79.659574
10, 82.680851
10, 64.200000
10, 78.306122
10, 77.666667
10, 83.851064
10, 80.687500
10, 61.822581
10, 80.812500
10, 85.085106
10, 85.387755
10, 58.323077
10, 38.989474
10, 86.914894
10, 79.851064
10, 59.967742
10, 78.270833
10, 82.333333
10, 82.291667
10, 22.288770
10, 88.416667
10, 81.625000
10, 79.562500
10, 79.041667
10, 78.250000
10, 78.770833
10, 81.142857
10, 58.328358
10, 78.500000
10, 80.979167
10, 91.916667
10, 52.917808
10, 79.937500
10, 83.063830
10, 80.520833
10, 79.854167
10, 94.255319
10, 86.063830
10, 80.166667
10, 80.125000
10, 80.187500
10, 80.829787
10, 83.446809
10, 21.132597
10, 73.000000
10, 79.276596
10, 77.375000
10, 82.166667
10, 65.912281
10, 77.510204
10, 98.625000
10, 70.596491
10, 87.104167
10, 95.166667
10, 93.106383
10, 81.312500
10, 80.625000
10, 70.555556
10, 80.958333
10, 93.018868
10, 81.104167
10, 80.595745
10, 81.638298
10, 91.208333
10, 52.513514
10, 79.936170
10, 71.931034
10, 80.276596
10, 77.458333
10, 85.326531
10, 54.444444
10, 80.212766
10, 79.854167
10, 81.250000
10, 83.187500
10, 99.787234
10, 86.106383
10, 79.125000
10, 80.812500
10, 81.851064
10, 75.458333
10, 79.382979
10, 71.905660
10, 71.074074
10, 81.020833
10, 80.893617
10, 81.404255
10, 89.187500
10, 75.755102
10, 77.531915
10, 82.200000
10, 81.255319
10, 80.208333
10, 99.191489
10, 94.106383
10, 82.166667
10, 80.812500
10, 78.395833
10, 77.937500
10, 78.500000
10, 81.354167
10, 81.333333
10, 76.274510
10, 79.468085
10, 81.851064
10, 72.962264
10, 93.958333
10, 57.445783
10, 102.312500
10, 75.500000
10, 74.461538
10, 79.125000
10, 79.166667
10, 71.622642
10, 83.595745
10, 79.755102
10, 61.645161
10, 74.313725
10, 67.534483
10, 81.166667
10, 73.415094
10, 74.854167
10, 76.680851
10, 85.617021
10, 40.210526
10, 93.291667
10, 98.851064
10, 89.416667
10, 82.765957
10, 82.404255
10, 79.531915
10, 78.127660
10, 79.375000
10, 81.041667
10, 82.425532
10, 91.520833
10, 83.693878
10, 82.854167
10, 85.063830
10, 93.297872
10, 99.854167
10, 83.340426
10, 81.702128
10, 79.250000
10, 78.808511
10, 77.326531
10, 84.937500
10, 85.187500
10, 85.553191
10, 39.323232
10, 57.776119
10, 73.283019
10, 78.574468
10, 71.226415
10, 83.125000
10, 84.063830
10, 84.191489
10, 71.634615
10, 80.640000
10, 87.375000
10, 76.875000
10, 81.191489
10, 79.979167
10, 81.458333
10, 92.666667
10, 78.354167
10, 87.306122
10, 75.980392
10, 79.791667
10, 61.916667
10, 84.446809
10, 79.836735
10, 82.106383
10, 82.229167
10, 91.458333
10, 92.416667
10, 77.750000
10, 82.659574
10, 78.395833
10, 79.106383
10, 78.333333
10, 79.666667
10, 90.489362
10, 80.808511
10, 81.875000
10, 82.687500
10, 78.395833
10, 81.645833
10, 32.224138
10, 81.660377
10, 81.638298
10, 72.592593
10, 79.106383
10, 77.625000
10, 80.187500
10, 80.063830
10, 79.659574
10, 83.468085
10, 83.541667
10, 82.489362
10, 77.791667
10, 80.958333
10, 82.404255
10, 89.959184
10, 75.918367
10, 52.222222
10, 85.981132
10, 82.765957
10, 77.020833
10, 78.021277
10, 92.416667
10, 82.791667
10, 81.169811
10, 78.957447
10, 79.125000
10, 82.723404
10, 80.702128
10, 82.163265
10, 77.617021
10, 75.895833
10, 79.562500
10, 78.645833
10, 79.395833
10, 74.509804
10, 80.479167
10, 87.354167
10, 79.862745
10, 57.651515
10, 83.687500
10, 91.854167
10, 73.916667
10, 75.812500
10, 41.333333
10, 79.625000
10, 74.229167
10, 74.530612
10, 77.816327
10, 81.354167
10, 64.654545
10, 74.551020
10, 79.437500
10, 77.416667
10, 77.468085
10, 74.375000
10, 75.687500
10, 63.654545
10, 74.166667
10, 77.625000
10, 75.979592
10, 75.229167
10, 72.854167
10, 62.387097
10, 80.395833
10, 62.203390
10, 73.125000
10, 75.428571
10, 83.000000
10, 74.395833
10, 73.212766
10, 75.729167
10, 75.387755
10, 78.250000
10, 75.208333
10, 78.020833
10, 76.816327
10, 47.493506
10, 75.230769
10, 60.967742
10, 80.666667
10, 76.895833
10, 53.714286
10, 78.291667
10, 74.312500
10, 74.551020
10, 85.625000
10, 77.645833
10, 75.645833
10, 69.403846
10, 75.395833
10, 77.604167
10, 78.562500
10, 63.396552
10, 72.354167
10, 78.250000
10, 75.137255
10, 77.479167
10, 71.854167
10, 79.854167
10, 79.604167
10, 77.520833
10, 74.958333
10, 76.200000
10, 77.306122
10, 76.312500
10, 75.693878
10, 75.062500
10, 47.826667
10, 77.354167
10, 68.907407
10, 73.510204
10, 72.229167
10, 75.666667
10, 74.062500
10, 48.746667
10, 54.861538
10, 78.604167
10, 67.407407
10, 77.812500
10, 76.250000
10, 58.032258
10, 67.981132
10, 78.916667
10, 78.104167
10, 73.833333
10, 67.462963
10, 78.500000
10, 86.312500
10, 71.816327
10, 74.354167
10, 78.062500
10, 56.596774
10, 77.354167
10, 82.062500
10, 65.812500
10, 78.145833
10, 69.909091
10, 76.062500
10, 17.868182
10, 79.081633
10, 96.604167
10, 91.416667
10, 78.895833
10, 78.229167
10, 68.679245
10, 71.541667
10, 70.061224
10, 80.312500
10, 84.285714
10, 74.791667
10, 76.458333
10, 76.687500
10, 50.405405
10, 75.187500
10, 83.937500
10, 59.683333
10, 75.632653
10, 83.875000
10, 78.250000
10, 75.979592
10, 61.137931
10, 74.312500
10, 76.000000
10, 68.962963
10, 73.791667
10, 69.900000
10, 79.375000
10, 74.372549
10, 75.408163
10, 58.949153
10, 74.125000
10, 81.208333
10, 75.367347
10, 74.729167
10, 74.520833
10, 76.000000
10, 74.244898
10, 83.000000
10, 74.770833
10, 82.562500
10, 102.583333
10, 65.896552
10, 74.916667
10, 76.687500
10, 78.604167
10, 76.702128
10, 75.229167
10, 73.604167
10, 85.877551
10, 92.083333
10, 74.583333
10, 71.877551
10, 72.437500
10, 89.062500
10, 86.916667
10, 77.145833
10, 74.653061
10, 75.416667
10, 80.083333
10, 70.245902
10, 73.316667
10, 64.760000
10, 64.949367
10, 57.567568
10, 98.541667
10, 85.562500
10, 76.375000
10, 72.040816
10, 71.270833
10, 78.428571
10, 77.937500
10, 79.104167
10, 78.625000
10, 56.784615
10, 77.875000
10, 76.062500
10, 70.080000
10, 71.354167
10, 75.270833
10, 85.591837
10, 87.625000
10, 72.395833
10, 72.833333
10, 74.708333
10, 61.661017
10, 76.958333
10, 74.916667
10, 73.708333
10, 76.104167
10, 68.500000
10, 77.145833
10, 69.137255
10, 34.794118
10, 77.312500
10, 79.687500
10, 76.062500
10, 68.326923
10, 73.166667
10, 71.296296
10, 76.625000
10, 73.770833
10, 70.660000
10, 55.772727
10, 82.875000
10, 75.354167
10, 75.187500
10, 75.583333
10, 77.250000
10, 80.000000
10, 82.208333
10, 73.354167
10, 76.437500
10, 83.312500
10, 72.836735
10, 82.437500
10, 72.214286
10, 77.897959
10, 87.687500
10, 73.571429
10, 71.458333
10, 82.687500
10, 80.823529
10, 72.490566
10, 77.979167
10, 75.895833
10, 81.937500
10, 76.183673
10, 67.481481
10, 77.940000
10, 66.590164
10, 78.750000
10, 75.208333
10, 75.770833
10, 76.583333
10, 76.270833
10, 75.428571
10, 75.958333
10, 51.260274
10, 76.458333
10, 69.156863
10, 80.145833
10, 72.375000
10, 77.125000
10, 51.638889
10, 65.754386
10, 78.634615
10, 53.041667
10, 94.291667
10, 64.250000
10, 64.118644
10, 84.734694
10, 58.492063
10, 85.250000
10, 74.291667
10, 48.240506
10, 77.489796
10, 49.552632
10, 89.938776
10, 74.541667
10, 70.019608
10, 70.770833
10, 50.081081
10, 85.854167
10, 73.291667
10, 73.019608
10, 69.420000
10, 69.360000
10, 57.078125
10, 71.925926
10, 43.619048
10, 74.344828
10, 86.875000
10, 74.770833
10, 70.458333
10, 70.224490
10, 74.500000
10, 88.479167
10, 70.620000
10, 48.594203
10, 77.979592
10, 79.229167
10, 69.530612
10, 68.400000
10, 76.666667
10, 47.486842
10, 75.541667
10, 70.313725
10, 74.962963
10, 25.622222
10, 95.895833
10, 78.166667
10, 72.187500
10, 70.541667
10, 68.541667
10, 82.604167
10, 69.098039
10, 74.750000
10, 72.687500
10, 71.588235
10, 90.000000
10, 40.401869
10, 36.696721
10, 97.416667
10, 84.166667
10, 75.062500
10, 69.541667
10, 69.291667
10, 72.708333
10, 40.948454
10, 80.041667
10, 65.037037
10, 51.400000
10, 74.708333
10, 72.437500
10, 73.191489
10, 79.312500
10, 80.541667
10, 73.000000
10, 73.437500
10, 71.375000
10, 70.562500
10, 73.375000
10, 73.895833
10, 71.687500
10, 75.122449
10, 72.750000
10, 70.166667
10, 62.563636
10, 72.446809
10, 44.821918
10, 74.270833
10, 75.000000
10, 71.770833
10, 74.020833
10, 74.541667
10, 74.020833
10, 76.875000
10, 71.541667
10, 73.125000
10, 69.708333
10, 71.000000
10, 70.530612
10, 70.081633
10, 71.708333
10, 71.979167
10, 72.437500
10, 73.020408
10, 71.958333
10, 70.562500
10, 68.750000
10, 80.333333
10, 70.375000
10, 75.625000
10, 54.587302
10, 88.770833
10, 75.062500
10, 74.520833
10, 67.729167
10, 72.937500
10, 62.210526
10, 76.562500
10, 49.154930
10, 78.833333
10, 73.687500
10, 74.479167
10, 67.384615
10, 73.583333
10, 72.583333
10, 75.250000
10, 62.054545
10, 68.907407
10, 73.770833
10, 73.312500
10, 51.283582
10, 73.000000
10, 72.041667
10, 71.166667
10, 85.163265
10, 83.729167
10, 71.437500
10, 67.372549
10, 70.708333
10, 77.604167
10, 72.137255
10, 72.125000
10, 70.020833
10, 80.770833
100, 76.183585
100, 75.155462
100, 71.934021
100, 73.815195
100, 69.281369
100, 65.100186
100, 74.492375
100, 71.926829
100, 68.698630
100, 75.974684
100, 71.226000
100, 74.468750
100, 69.534000
100, 71.964948
100, 74.086134
100, 81.743929
100, 71.960334
100, 78.995604
100, 80.101545
100, 79.609808
100, 80.482301
100, 74.250513
100, 71.370968
100, 76.343348
100, 65.413208
100, 81.413717
100, 79.210300
100, 77.550885
100, 79.006250
100, 68.043561
100, 60.960128
100, 63.509404
100, 79.469602
100, 84.984816
100, 72.136538
100, 82.634956
100, 64.508108
100, 84.443709
100, 87.081678
100, 78.200820
100, 88.342048
100, 88.015021
100, 78.995690
100, 83.530303
100, 83.377483
100, 86.688742
100, 77.379531
100, 74.672065
100, 72.524366
100, 80.068433
100, 84.081678
100, 63.677586
100, 79.687898
100, 73.644970
100, 47.558940
100, 76.927966
100, 86.679912
100, 81.632743
100, 79.747277
100, 78.259657
100, 73.719512
100, 81.230599
100, 74.323045
100, 82.677704
100, 81.152220
100, 82.166667
100, 82.469957
100, 79.486726
100, 80.780000
100, 81.393333
100, 84.413717
100, 83.317778
100, 73.447853
100, 58.515924
100, 77.331111
100, 82.613333
100, 73.464876
100, 71.880309
100, 74.547718
100, 81.260000
100, 78.035088
100, 75.406953
100, 84.144444
100, 65.480069
100, 81.991189
100, 77.930470
100, 78.506667
100, 70.067050
100, 79.971861
100, 80.317778
100, 76.348889
100, 80.115044
100, 73.103306
100, 76.675732
100, 43.977893
100, 73.211813
100, 77.093555
100, 66.780718
100, 70.122530
100, 78.865096
100, 53.309598
100, 80.173820
100, 56.692185
100, 75.918919
100, 73.198770
100, 60.975482
100, 77.192719
100, 65.974460
100, 74.582121
100, 72.226804
100, 74.033613
100, 77.596154
100, 72.779559
100, 76.079229
100, 75.220085
100, 74.451417
100, 71.737271
100, 65.935185
100, 63.085484
100, 75.089936
100, 70.506958
100, 78.604348
100, 78.010823
100, 73.436681
100, 75.796943
100, 75.785563
100, 75.430131
100, 76.637149
100, 77.782135
100, 78.949782
100, 73.956989
100, 72.997859
100, 72.275154
100, 68.331325
100, 75.071895
100, 70.298969
100, 68.502008
100, 73.562633
100, 73.902748
100, 73.700873
100, 70.858628
100, 71.451271
100, 74.577253
100, 74.264192
100, 74.087420
100, 57.420168
100, 70.849576
100, 69.578125
100, 69.092157
100, 80.471366
100, 75.202960
100, 79.569536
100, 80.993363
100, 77.389247
100, 78.132898
100, 75.084052
100, 79.357918
100, 44.962779
100, 75.530837
100, 73.417178
100, 67.204797
100, 73.745902
100, 77.710817
100, 77.505353
100, 56.501484
100, 72.118343
100, 75.510684
100, 79.467991
100, 47.547523
100, 77.319915
100, 82.613687
100, 76.167702
100, 75.595142
100, 84.013015
100, 55.158218
100, 78.257642
100, 75.265182
100, 75.784969
100, 64.637153
100, 76.148305
100, 74.967611
100, 74.607516
100, 76.569296
100, 71.952869
100, 73.507495
100, 77.506410
100, 73.695391
100, 70.029297
100, 71.641434
100, 71.110442
100, 73.966527
100, 75.081545
100, 70.549603
100, 75.015717
100, 75.819742
100, 72.006122
100, 76.301927
100, 70.475096
100, 78.897216
100, 75.978587
100, 73.203863
100, 71.260163
100, 74.140496
100, 71.564000
100, 77.989605
100, 76.653153
100, 80.479730
100, 66.716763
100, 76.718468
100, 75.477024
100, 70.116142
100, 82.488739
100, 77.331915
100, 81.739326
100, 71.473029
100, 51.599700
100, 70.615866
100, 74.433610
100, 77.019608
100, 58.530255
100, 76.636555
100, 77.403084
100, 77.877193
100, 77.495798
100, 64.207224
100, 70.531062
100, 72.695198
100, 75.588115
100, 83.784270
100, 73.653277
100, 77.599099
100, 37.650496
100, 75.098326
100, 68.487666
100, 80.320261
100, 77.635371
100, 69.087129
100, 74.232365
100, 69.144250
100, 78.816993
100, 77.454348
100, 71.085487
100, 71.474000
100, 78.347162
100, 73.014286
100, 62.046181
100, 75.307190
100, 71.485265
100, 75.799564
100, 74.908297
100, 71.254065
100, 49.321381
100, 73.383795
100, 67.996032
100, 61.546410
100, 79.601307
100, 73.471311
100, 79.211790
100, 73.046939
100, 76.224401
100, 80.310870
100, 72.522013
100, 52.597143
100, 78.781857
100, 74.438053
100, 74.489316
100, 75.766885
100, 76.519565
100, 73.075107
100, 76.190265
100, 75.347345
100, 77.245575
100, 60.529412
100, 77.642384
100, 73.135076
100, 74.733189
100, 69.608782
100, 73.124740
100, 71.469474
100, 76.707965
100, 77.314159
100, 77.834437
100, 75.318584
100, 72.196242
100, 75.000000
100, 77.995643
100, 75.210870
100, 75.575758
100, 75.909292
100, 77.600442
100, 77.912951
100, 72.950100
100, 80.957965
100, 72.497908
100, 76.799117
100, 77.650442
100, 78.941432
100, 77.840517
100, 74.111349
100, 76.342163
100, 75.655983
100, 79.341102
100, 39.774600
100, 79.507726
100, 79.194260
100, 78.201327
100, 79.767033
100, 41.721504
100, 78.366812
100, 75.658120
100, 75.189956
100, 73.332649
100, 74.042827
100, 74.882600
100, 76.504405
100, 78.317881
100, 72.150301
100, 76.352321
100, 75.708609
100, 79.200883
100, 69.491159
100, 74.713710
100, 71.508439
100, 71.215292
100, 74.148847
100, 76.869281
100, 75.425764
100, 66.801512
100, 73.785563
100, 47.892715
100, 75.584946
100, 65.897388
100, 62.787120
100, 71.334004
100, 73.465517
100, 73.698969
100, 73.594883
100, 69.277666
100, 69.952941
100, 71.398340
100, 73.929487
100, 75.934498
100, 74.500000
100, 59.369069
100, 77.056034
100, 75.503268
100, 71.506276
100, 74.532751
100, 72.932314
100, 71.362105
100, 73.395197
100, 72.307692
100, 77.043668
100, 65.351351
100, 70.409736
100, 73.283333
100, 72.314465
100, 71.055319
100, 72.446680
100, 53.898108
100, 75.658065
100, 68.209776
100, 75.511931
100, 74.024793
100, 72.599156
100, 60.420290
100, 75.993450
100, 73.516129
100, 78.063319
100, 73.766376
100, 71.679406
100, 65.409091
100, 73.537190
100, 70.010204
100, 47.814661
100, 76.341202
100, 76.542484
100, 67.538160
100, 73.475610
100, 73.427368
100, 78.287846
100, 80.833333
100, 76.487342
100, 76.451883
100, 84.700000
100, 79.396896
100, 81.269488
100, 79.408389
100, 83.895556
100, 81.594235
100, 85.381375
100, 74.484472
100, 82.715556
100, 76.807860
100, 81.408889
100, 76.576520
100, 78.441558
100, 82.004435
100, 81.952484
100, 78.028322
100, 79.413333
100, 73.769547
100, 76.579832
100, 82.782222
100, 81.231111
100, 79.577434
100, 76.232558
100, 75.758333
100, 82.731441
100, 82.486667
100, 79.262693
100, 74.660256
100, 75.916488
100, 75.869757
100, 75.599558
100, 71.908023
100, 58.305958
100, 76.863135
100, 62.236522
100, 76.417910
100, 71.464143
100, 74.000000
100, 59.969799
100, 80.377483
100, 79.096983
100, 59.151920
100, 80.716814
100, 77.349896
100, 80.404867
100, 78.738938
100, 80.342163
100, 73.738494
100, 81.365044
100, 74.192229
100, 80.500000
100, 77.112583
100, 83.163355
100, 81.516556
100, 82.646799
100, 71.552734
100, 82.465696
100, 89.887417
100, 61.465041
100, 87.024283
100, 78.626459
100, 77.739130
100, 64.127695
100, 77.832994
100, 83.955850
100, 82.566239
100, 80.227660
100, 83.650862
100, 81.214128
100, 79.486486
100, 78.312000
100, 74.833002
100, 86.214128
100, 88.894040
100, 70.956767
100, 82.622517
100, 48.968627
100, 40.620502
100, 82.683516
100, 78.733607
100, 79.641509
100, 86.285403
100, 83.876106
100, 68.099644
100, 79.604167
100, 81.936957
100, 77.920245
100, 82.552402
100, 71.260474
100, 85.162690
100, 61.574879
100, 82.102345
100, 82.647059
100, 84.779956
100, 83.148472
100, 82.716157
100, 81.562092
100, 80.535484
100, 83.066098
100, 77.039216
100, 82.408120
100, 63.035959
100, 75.723769
100, 85.080610
100, 80.808279
100, 45.123723
100, 81.222222
100, 83.505447
100, 80.542484
100, 64.202422
100, 79.440087
100, 85.647577
100, 84.883002
100, 80.756198
100, 87.313466
100, 83.085106
100, 83.466951
100, 84.676923
100, 71.709386
100, 85.048565
100, 84.993671
100, 82.205752
100, 80.225806
100, 86.111597
100, 87.767896
100, 84.832230
100, 87.916115
100, 65.347676
100, 84.010776
100, 82.489270
100, 84.276549
100, 85.626932
100, 78.296748
100, 79.931915
100, 84.770419
100, 71.970696
100, 82.247379
100, 82.368192
100, 82.151111
100, 82.388646
100, 82.893333
100, 79.690763
100, 77.614894
100, 75.336049
100, 82.317778
100, 78.628889
100, 84.082222
100, 78.878049
100, 81.291111
100, 79.521186
100, 75.795359
100, 84.703390
100, 78.326882
100, 79.342920
100, 81.172414
100, 77.833333
100, 75.767782
100, 52.344526
100, 80.971111
100, 79.772727
100, 81.246667
100, 78.580000
100, 47.218593
100, 81.844444
100, 79.891111
100, 71.329980
100, 80.885463
100, 80.352550
100, 79.158696
100, 83.308889
100, 79.139690
100, 84.320000
100, 78.256579
100, 67.642023
100, 79.193333
100, 65.436823
100, 80.980000
100, 79.926667
100, 74.672956
100, 83.556017
100, 82.748359
100, 76.683190
100, 75.377155
100, 43.166667
100, 78.130820
100, 62.010453
100, 39.006689
100, 75.264033
100, 75.835417
100, 75.322245
100, 69.754420
100, 72.020704
100, 77.506550
100, 58.820097
100, 76.552301
100, 70.580838
100, 71.652174
100, 79.339207
100, 74.945652
100, 71.727079
100, 78.292035
100, 71.474895
100, 77.101770
100, 74.570796
100, 76.053533
100, 74.716450
100, 77.843818
100, 72.213389
100, 75.004292
100, 74.019355
100, 75.769072
100, 54.814417
100, 75.607516
100, 75.438178
100, 77.694690
100, 77.175166
100, 77.598291
100, 74.472648
100, 70.665988
100, 75.353982
100, 74.547131
100, 75.997788
100, 77.224670
100, 63.050373
100, 75.188841
100, 68.160321
100, 78.276549
100, 77.418919
100, 76.283784
100, 70.600000
100, 74.826360
100, 67.890244
100, 80.692135
100, 78.177528
100, 74.895425
100, 74.765766
100, 38.940774
100, 79.815315
100, 72.602041
100, 75.293860
100, 78.451467
100, 37.520879
100, 74.536913
100, 74.306843
100, 76.186937
100, 73.166311
100, 71.803838
100, 73.366667
100, 75.896996
100, 71.888889
100, 77.094595
100, 49.116448
100, 73.837719
100, 77.590090
100, 79.556306
100, 71.670968
100, 78.653933
100, 79.040541
100, 77.886128
100, 75.301310
100, 81.346405
100, 52.864865
100, 73.917548
100, 72.103586
100, 72.713439
100, 68.751969
100, 78.117647
100, 78.967320
100, 75.237603
100, 81.767391
100, 74.931590
100, 74.187368
100, 75.868201
100, 74.212944
100, 76.668845
100, 73.965957
100, 79.662309
100, 72.376258
100, 77.889130
100, 63.158076
100, 81.348584
100, 74.305613
100, 77.240426
100, 80.056645
100, 61.914966
100, 75.832311
100, 77.958696
100, 65.339964
100, 77.750538
100, 75.761506
100, 76.259657
100, 75.034934
100, 74.870103
100, 76.995745
100, 66.506494
100, 69.444444
100, 77.149675
100, 73.684000
100, 77.195699
100, 75.923747
100, 72.330645
100, 70.515936
100, 70.009690
100, 76.313725
100, 38.237792
100, 72.739220
100, 80.237991
100, 71.022774
100, 75.918280
100, 70.215842
100, 74.159574
100, 75.917031
100, 75.239651
100, 78.521459
100, 73.671518
100, 80.511983
100, 80.192140
100, 74.345188
100, 71.027083
100, 45.022901
100, 69.373695
100, 77.175556
100, 59.924162
100, 71.692632
100, 85.087683
100, 73.265823
100, 77.691111
100, 77.540000
100, 76.617778
100, 79.263858
100, 70.918750
100, 73.161290
100, 77.611111
100, 74.793333
100, 66.772031
100, 78.151111
100, 77.413333
100, 74.312775
100, 74.060000
100, 73.557778
100, 72.070423
100, 67.187747
100, 72.823529
100, 75.026726
100, 75.888403
100, 74.030108
100, 45.052980
100, 79.991170
100, 78.671024
100, 72.008197
100, 80.973392
100, 77.076110
100, 78.767184
100, 71.442085
100, 73.879747
100, 69.715400
100, 70.799205
100, 80.158940
100, 76.032397
100, 67.694915
100, 70.913043
100, 74.596386
100, 41.467532
100, 47.070513
100, 38.294181
100, 74.194617
100, 72.854167
100, 76.600423
100, 76.820675
100, 77.200864
100, 45.872679
100, 41.905048
100, 71.450199
100, 78.199557
100, 74.543524
100, 75.837895
100, 77.480084
100, 80.943478
100, 78.040860
100, 80.796909
100, 78.674672
100, 80.498896
100, 78.940397
100, 77.012685
100, 68.490637
100, 75.910603
100, 75.902083
100, 81.050773
100, 78.454545
100, 73.513347
100, 53.880484
100, 76.548057
100, 72.838966
100, 80.493363
100, 72.261954
100, 81.320088
100, 79.985597
100, 79.262009
100, 81.567982
100, 67.517367
100, 81.560706
100, 72.978516
100, 74.086316
100, 80.691824
100, 76.488565
100, 45.947174
100, 74.700873
100, 76.790393
100, 72.973140
100, 75.591398
100, 74.318376
100, 69.674847
100, 75.951965
100, 71.117521
100, 71.237991
100, 72.490364
100, 73.106987
100, 73.766376
100, 70.106472
100, 67.324544
100, 77.557734
100, 76.002183
100, 74.755991
100, 75.292111
100, 71.164905
100, 74.097107
100, 63.669811
100, 77.373362
100, 73.827957
100, 73.655844
100, 71.272349
100, 72.752643
100, 72.693446
100, 73.917031
100, 69.607884
100, 76.034934
100, 71.451681
100, 83.061947
100, 75.288981
100, 70.904564
100, 78.442478
100, 76.617391
100, 77.943478
100, 57.647351
100, 52.801205
100, 73.810021
100, 69.088933
100, 76.435449
100, 80.652655
100, 77.896018
100, 72.920892
100, 78.110629
100, 78.878587
100, 71.773279
100, 79.314978
100, 74.113636
100, 70.878728
100, 79.844828
100, 70.325095
100, 67.345351
100, 80.151844
100, 80.172566
100, 79.061947
100, 78.296137
100, 82.549669
100, 73.107660
100, 83.506667
100, 63.234155
100, 62.851658
100, 79.131111
100, 79.059867
100, 75.387164
100, 71.519531
100, 80.775556
100, 76.197065
100, 67.599620
100, 83.777778
100, 81.104677
100, 79.224944
100, 75.927152
100, 80.206667
100, 75.662577
100, 69.130841
100, 79.382222
100, 69.793893
100, 83.593333
100, 66.783333
100, 81.820774
100, 76.387755
100, 70.775100
100, 76.933902
100, 76.227876
100, 76.433476
100, 86.411111
100, 76.069328
100, 81.017778
100, 86.384270
100, 53.466381
100, 80.069717
100, 72.646035
100, 82.423423
100, 79.117021
100, 84.432432
100, 83.259825
100, 83.374194
100, 70.834615
100, 78.293139
100, 79.558559
100, 82.362613
100, 86.333333
100, 47.768262
100, 84.618510
100, 81.794816
100, 71.129594
100, 72.509804
100, 60.291457
100, 47.384519
100, 86.096847
100, 70.518868
100, 82.619149
100, 81.234136
100, 60.819749
100, 81.660981
100, 81.042411
100, 88.297297
100, 85.968468
100, 69.382900
100, 80.220721
100, 72.071845
100, 77.936937
100, 79.692308
100, 79.490991
100, 85.487585
100, 82.984234
100, 76.508097
100, 78.515400
100, 87.038031
100, 82.575281
100, 87.677928
100, 81.588486
100, 76.727823
100, 76.048193
100, 76.477987
100, 85.324324
100, 92.336343
100, 55.267254
100, 88.647982
100, 81.356347
100, 78.298056
100, 83.918919
100, 76.354379
100, 79.412281
100, 53.207154
100, 59.497445
100, 74.353909
100, 80.074324
100, 77.278146
100, 70.256842
100, 59.064081
100, 80.959459
100, 78.450766
100, 86.154709
100, 46.612466
100, 75.067265
100, 74.126915
100, 77.587838
100, 77.047404
100, 68.967611
100, 76.235421
100, 75.363043
100, 77.964045
100, 69.886316
100, 69.757576
100, 74.004292
100, 75.002119
100, 70.487552
100, 72.382231
100, 77.112613
100, 76.797297
100, 73.478541
100, 69.757143
100, 78.703625
100, 73.953586
100, 74.783186
100, 71.172917
100, 74.955850
100, 76.407895
100, 76.125786
100, 76.006410
100, 77.006623
100, 78.900662
100, 74.759382
100, 73.722689
100, 75.428256
100, 77.176600
100, 72.922737
100, 79.237473
100, 76.580574
100, 70.765432
100, 71.559917
100, 73.509474
100, 72.690265
100, 74.465696
100, 79.655629
100, 78.161148
100, 75.319383
100, 73.109937
100, 76.788079
100, 45.058752
100, 72.002105
100, 76.100437
100, 56.572568
100, 67.984314
100, 76.458244
100, 79.194323
100, 68.077369
1000, 76.278134
1000, 75.858348
1000, 76.507367
1000, 75.346178
1000, 76.819236
1000, 74.721832
1000, 75.898378
1000, 62.122276
1000, 74.377322
1000, 70.136165
1000, 77.998703
1000, 75.409780
1000, 74.770115
1000, 69.421053
1000, 76.984753
1000, 68.006897
1000, 75.505223
1000, 78.174868
1000, 66.279375
1000, 73.468041
1000, 75.703501
1000, 76.322490
1000, 78.778393
1000, 79.432367
1000, 78.213655
1000, 77.322415
1000, 74.379056
1000, 72.830061
1000, 72.000789
1000, 73.350996
1000, 64.753778
1000, 67.514001
1000, 76.255765
1000, 68.766068
1000, 69.182298
1000, 72.278799
1000, 72.132100
1000, 74.028571
1000, 79.117343
1000, 69.563443
1000, 77.314513
1000, 77.169831
1000, 76.009862
1000, 76.256472
1000, 73.664289
1000, 74.183283
1000, 67.188002
1000, 73.546865
1000, 74.000214
1000, 69.211758
1000, 75.003012
1000, 68.144606
1000, 78.178192
1000, 77.190558
1000, 70.771401
1000, 74.588663
1000, 76.747872
1000, 58.649455
1000, 62.708062
1000, 73.100890
1000, 73.927701
1000, 69.220758
1000, 77.071213
1000, 75.917386
1000, 76.252818
1000, 75.646010
1000, 67.423614
1000, 79.005135
1000, 70.464387
1000, 80.846154
1000, 77.996654
1000, 70.111028
1000, 66.293315
1000, 76.881188
1000, 79.442021
1000, 73.008493
1000, 71.602604
1000, 68.566351
1000, 72.703049
1000, 76.004965
1000, 68.935471
1000, 75.781297
1000, 71.280716
1000, 71.604488
1000, 67.064312
1000, 75.281985
1000, 63.579316
1000, 74.740096
1000, 77.752373
1000, 69.922253
1000, 68.263336
1000, 71.290440
1000, 79.078720
1000, 70.135317
1000, 77.715577
1000, 73.003846
1000, 67.281925
1000, 75.810442
1000, 73.849622
1000, 66.856978
1000, 77.094680
1000, 75.836869
1000, 82.381477
1000, 81.978836
1000, 82.451853
1000, 76.547521
1000, 70.282952
1000, 78.887440
1000, 77.525685
1000, 77.401784
1000, 74.664866
1000, 79.288655
1000, 77.959197
1000, 75.043902
1000, 66.793916
1000, 71.453314
1000, 73.830697
1000, 69.623419
1000, 72.740837
1000, 76.990061
1000, 68.510369
1000, 77.558204
1000, 75.109110
1000, 76.419153
1000, 75.069713
1000, 81.843606
1000, 71.634718
1000, 80.860098
1000, 75.036211
1000, 69.626916
1000, 74.718172
1000, 70.124706
1000, 77.311591
1000, 76.887065
1000, 74.743905
1000, 66.530416
1000, 72.538222
1000, 74.309589
1000, 73.498028
1000, 75.051720
1000, 76.923975
1000, 76.053141
1000, 77.519787
1000, 78.193889
1000, 67.838716
1000, 67.848190
1000, 77.723170
1000, 70.147929
1000, 77.993554
1000, 77.177461
1000, 76.977552
1000, 71.640884
1000, 78.912730
1000, 75.393863
1000, 75.273897
1000, 72.318829
1000, 71.297561
1000, 76.555094
1000, 68.789255
1000, 74.466502
1000, 76.965728
1000, 79.177226
1000, 78.159879
1000, 81.219016
1000, 79.900962
1000, 79.098816
1000, 78.578375
1000, 75.869908
1000, 73.996435
1000, 65.787002
1000, 78.397828
1000, 68.998215
1000, 65.942230
1000, 69.791148
1000, 77.021606
1000, 77.371507
1000, 67.561649
1000, 72.709921
1000, 66.750046
1000, 75.488546
1000, 75.183086
1000, 73.331237
1000, 69.439214
1000, 67.950605
1000, 75.281161
1000, 84.854363
1000, 84.024867
1000, 75.984842
1000, 78.537625
1000, 78.844411
1000, 74.524548
1000, 72.365341
1000, 73.746387
1000, 73.050331
1000, 74.186639
1000, 76.947083
1000, 77.720000
1000, 76.743852
1000, 68.311656
1000, 75.044012
1000, 71.857320
1000, 72.628244
1000, 76.641168
1000, 74.318001
1000, 75.940085
1000, 73.652573
1000, 73.836181
1000, 78.753820
1000, 77.971783
1000, 72.403578
1000, 77.931926
1000, 77.712009
1000, 75.594634
1000, 77.290428
1000, 77.190527
1000, 77.177925
1000, 75.606004
1000, 79.279405
1000, 71.567321
1000, 80.192553
1000, 65.924496
1000, 73.182894
1000, 75.975794
1000, 72.109551
1000, 77.459593
1000, 76.991663
1000, 72.408134
1000, 80.679315
1000, 79.073024
1000, 72.527043
1000, 75.456649
1000, 76.129445
1000, 76.494984
1000, 75.163086
1000, 73.995458
1000, 73.207252
1000, 76.368880
1000, 73.322981
1000, 76.358328
1000, 76.615452
1000, 77.262996
1000, 67.011297
1000, 74.820886
1000, 75.634897
1000, 74.325705
1000, 72.770883
1000, 74.716456
1000, 75.338111
1000, 74.263921
1000, 75.984378
1000, 71.659398
1000, 73.575889
1000, 67.190391
1000, 60.146273
1000, 74.349457
1000, 74.053367
1000, 73.722480
1000, 78.191645
1000, 74.888031
1000, 72.145715
1000, 74.825820
1000, 73.999160
1000, 75.392365
1000, 75.143507
1000, 78.598259
1000, 78.955075
1000, 79.620388
1000, 79.166244
1000, 70.077679
1000, 75.532315
1000, 76.416543
1000, 73.170285
1000, 73.658061
1000, 79.190895
1000, 70.807172
1000, 73.972703
1000, 76.723838
1000, 83.727313
1000, 74.165423
1000, 81.206290
1000, 75.698534
1000, 78.720986
1000, 77.639886
1000, 80.911833
1000, 70.422740
1000, 78.739522
1000, 76.144295
1000, 79.901822
1000, 70.976304
1000, 79.909836
1000, 71.183642
1000, 76.834341
1000, 71.799115
1000, 75.683794
1000, 73.769464
1000, 76.138435
1000, 72.704832
1000, 68.495695
1000, 75.646403
1000, 76.414959
1000, 78.238596
1000, 72.275549
1000, 74.121804
1000, 70.607094
1000, 76.583225
1000, 77.026771
1000, 77.065052
1000, 78.917414
1000, 76.998561
1000, 65.742011
1000, 77.461129
1000, 69.473381
1000, 76.815142
1000, 73.417831
1000, 77.585848
1000, 73.534190
1000, 75.446471
1000, 70.735794
1000, 71.235582
1000, 73.579568
1000, 81.473881
1000, 74.283267
1000, 79.400477
1000, 80.599380
1000, 76.307843
1000, 70.888976
1000, 77.447188
1000, 67.933591
1000, 76.183669
1000, 78.998686
1000, 78.598253
1000, 75.583949
1000, 74.026227
1000, 78.152292
1000, 74.216670
1000, 72.300205
1000, 75.869976
1000, 74.327531
1000, 78.275793
1000, 78.018154
1000, 67.116275
1000, 79.162982
1000, 81.777193
1000, 69.096567
1000, 79.352515
1000, 73.595797
1000, 75.273867
1000, 82.355903
1000, 82.950350
1000, 75.247560
1000, 75.129917
1000, 73.459396
1000, 79.237533
1000, 80.004379
1000, 77.473832
1000, 69.042748
1000, 76.750000
1000, 75.779700
1000, 78.192834
1000, 78.677127
1000, 80.298401
1000, 73.336387
1000, 70.697989
1000, 63.510933
1000, 76.950265
1000, 74.655092
1000, 70.069523
1000, 71.144014
1000, 84.274955
1000, 82.645176
1000, 78.818746
1000, 77.718605
1000, 78.953298
1000, 74.192880
1000, 71.747649
1000, 64.521470
1000, 64.745098
1000, 75.744181
1000, 73.164787
1000, 76.072023
1000, 76.686810
1000, 70.987502
1000, 67.389346
1000, 73.768750
1000, 68.340329
1000, 75.911026
1000, 68.858510
1000, 77.898671
1000, 66.679530
1000, 69.641785
1000, 76.007588
1000, 71.405026
1000, 77.907587
1000, 70.794174
1000, 78.275091
1000, 77.907101
1000, 77.083576
1000, 71.477441
1000, 78.967501
1000, 75.235320
1000, 76.716591
1000, 75.771513
1000, 78.342059
1000, 76.604595
1000, 77.901596
1000, 76.865762
1000, 71.819672
1000, 71.562311
1000, 71.007196
1000, 79.835523
1000, 70.986376
1000, 73.348205
1000, 77.283719
1000, 70.208039
1000, 78.092664
1000, 70.369311
1000, 79.454125
1000, 79.066550
1000, 76.020150
1000, 77.648799
1000, 66.209671
1000, 74.974446
1000, 76.555720
1000, 82.526997
1000, 72.419755
1000, 71.776712
1000, 80.775072
1000, 72.165609
1000, 77.168421
1000, 70.540944
1000, 71.881552
1000, 74.372108
1000, 71.159669
1000, 66.371817
1000, 76.187102
1000, 75.698624
1000, 71.307816
1000, 75.395011
1000, 66.950535
1000, 73.116956
1000, 69.549272
1000, 78.756646
1000, 78.041294
1000, 70.471745
1000, 78.866622
1000, 68.967054
1000, 78.205830
1000, 76.291658
1000, 75.638515
1000, 76.433601
1000, 72.323612
1000, 79.634351
1000, 77.965799
1000, 78.519306
1000, 70.533017
1000, 80.230153
1000, 78.906936
1000, 78.581739
1000, 76.391503
1000, 75.397419
1000, 75.037029
1000, 64.018868
1000, 70.650146
1000, 74.271355
1000, 76.851443
1000, 73.348353
1000, 78.369928
1000, 75.086623
1000, 67.790332
1000, 77.355858
1000, 75.246350
1000, 69.453756
1000, 75.284263
1000, 78.838868
1000, 78.800175
1000, 76.192000
1000, 77.659176
1000, 74.418793
1000, 76.835706
1000, 76.456555
1000, 67.573315
1000, 69.320947
1000, 78.002826
1000, 66.523117
1000, 73.685197
1000, 73.244712
1000, 75.575000
1000, 76.686001
1000, 72.194061
1000, 75.882760
1000, 67.165305
1000, 77.984506
1000, 76.008279
1000, 69.143089
1000, 67.390057
1000, 68.157491
1000, 67.732612
1000, 74.169848
1000, 75.402104
1000, 75.332040
1000, 75.797032
1000, 78.318743
1000, 74.835566
1000, 77.419518
1000, 77.558487
1000, 77.294510
1000, 76.633770
1000, 77.610344
1000, 77.474046
1000, 79.219556
1000, 76.437061
1000, 75.850073
1000, 71.846139
1000, 76.828866
1000, 73.580840
1000, 74.862375
1000, 64.343199
1000, 73.750324
1000, 74.257641
1000, 77.319983
1000, 75.779924
1000, 66.640015
1000, 77.981896
1000, 74.436068
1000, 69.977107
1000, 73.946440
1000, 78.247474
1000, 78.716237
1000, 74.319707
1000, 66.532430
1000, 72.860991
1000, 68.983327
1000, 77.694245
1000, 75.077201
1000, 70.099042
1000, 72.680034
1000, 71.451018
1000, 71.047519
1000, 70.026782
1000, 72.599871
1000, 66.789484
1000, 71.769231
1000, 80.079351
1000, 78.728109
1000, 79.014550
1000, 76.874333
1000, 79.407696
1000, 83.168883
1000, 80.056177
1000, 77.321024
1000, 77.184813
1000, 82.482942
1000, 73.731935
1000, 77.437462
1000, 84.536837
1000, 78.257638
1000, 70.732623
1000, 72.938792
1000, 75.049958
1000, 75.026316
1000, 75.990325
1000, 76.682317
1000, 76.803049
1000, 79.893310
1000, 78.858316
1000, 75.175237
1000, 82.702476
1000, 70.693318
1000, 73.326705
1000, 72.542594
1000, 76.452694
1000, 74.799124
1000, 78.283919
1000, 73.781967
1000, 67.317345
1000, 66.114875
1000, 74.665474
1000, 77.453316
1000, 74.479559
1000, 68.566952
1000, 81.969506
1000, 80.285868
1000, 66.608320
1000, 74.136344
1000, 72.560423
1000, 84.366710
1000, 83.856582
1000, 82.681004
1000, 79.953610
1000, 86.455179
1000, 92.930546
1000, 80.315683
1000, 93.050620
1000, 75.068578
1000, 94.456747
1000, 84.230363
1000, 72.636971
1000, 76.580686
1000, 75.240266
1000, 78.996238
1000, 83.972909
1000, 75.589734
1000, 68.819535
1000, 77.443772
1000, 85.525116
1000, 84.046123
1000, 86.101852
1000, 85.484875
1000, 79.846669
1000, 70.381684
1000, 74.167743
1000, 72.406760
1000, 79.168175
1000, 86.914150
1000, 87.904396
1000, 86.156339
1000, 76.370951
1000, 72.638240
1000, 75.447273
1000, 79.147052
1000, 79.548031
1000, 79.250632
1000, 75.108718
1000, 78.165295
1000, 63.073030
1000, 90.586363
1000, 79.911770
1000, 83.477509
1000, 89.812250
1000, 49.008566
1000, 91.492621
1000, 93.811760
1000, 86.216425
1000, 84.541799
1000, 82.766618
1000, 67.005276
1000, 68.167738
1000, 79.281151
1000, 76.155096
1000, 80.986770
1000, 69.215347
1000, 79.198925
1000, 83.436767
1000, 72.023518
1000, 68.684677
1000, 80.243624
1000, 72.359714
1000, 74.539279
1000, 81.616149
1000, 83.284715
1000, 73.816470
1000, 78.429968
1000, 76.220299
1000, 68.892857
1000, 44.872617
1000, 69.281509
1000, 74.139983
1000, 78.083817
1000, 45.379665
1000, 76.423680
1000, 35.852108
1000, 68.989449
1000, 76.044623
1000, 84.407488
1000, 76.217466
1000, 68.424510
1000, 75.101702
1000, 81.266580
1000, 75.542940
1000, 81.029250
1000, 71.494474
1000, 76.299959
1000, 63.493162
1000, 79.174024
1000, 79.107610
1000, 86.201139
1000, 63.353659
1000, 83.370002
1000, 72.557200
1000, 74.150736
1000, 71.961737
1000, 78.818931
1000, 81.175902
1000, 76.240260
1000, 78.473465
1000, 84.324313
1000, 75.218857
1000, 74.817856
1000, 67.182687
1000, 74.161071
1000, 80.360811
1000, 77.575038
1000, 64.058052
1000, 65.726865
1000, 72.628548
1000, 74.838751
1000, 69.048334
1000, 76.641392
1000, 79.022527
1000, 73.362295
1000, 69.067214
1000, 76.312394
1000, 80.546412
1000, 77.735429
1000, 73.125270
1000, 77.073695
1000, 76.042491
1000, 76.639320
1000, 75.238930
1000, 77.539647
1000, 76.500670
1000, 74.895842
1000, 75.228529
1000, 76.081081
1000, 74.137138
1000, 84.584332
1000, 82.863011
1000, 75.925810
1000, 73.675119
1000, 74.296114
1000, 78.815872
1000, 69.411911
1000, 79.614611
1000, 72.269694
1000, 79.210156
1000, 76.468330
1000, 76.315868
1000, 77.284724
1000, 69.639169
1000, 68.868125
1000, 75.968897
1000, 69.895729
1000, 78.586283
1000, 79.029126
1000, 78.027265
1000, 68.149508
1000, 79.910761
1000, 73.403509
1000, 76.808905
1000, 77.474784
1000, 69.815581
1000, 67.208639
1000, 60.388750
1000, 73.297817
1000, 78.602425
1000, 80.315744
1000, 78.192792
1000, 68.944262
1000, 73.362402
1000, 76.077175
1000, 66.693890
1000, 75.078811
1000, 72.968966
1000, 73.785561
1000, 75.410117
1000, 74.170931
1000, 71.039116
1000, 71.826122
1000, 74.540144
1000, 66.083751
1000, 72.159609
1000, 81.482597
1000, 72.113526
1000, 72.573416
1000, 76.487954
1000, 82.734285
1000, 70.318395
1000, 77.494039
1000, 74.604596
1000, 76.865864
1000, 71.747399
1000, 71.931978
1000, 77.235640
1000, 75.119804
1000, 73.578047
1000, 76.425154
1000, 76.038674
1000, 74.367938
1000, 76.416020
1000, 75.762833
1000, 82.156746
1000, 81.636041
1000, 81.355076
1000, 79.747051
1000, 71.255062
1000, 68.157649
1000, 75.031716
1000, 76.101040
1000, 68.662338
1000, 73.240101
1000, 75.874439
1000, 74.378620
1000, 76.537711
1000, 76.506617
1000, 78.123858
1000, 74.355140
1000, 70.095753
1000, 75.062355
1000, 76.793411
1000, 77.778351
1000, 76.089976
1000, 70.152368
1000, 76.586621
1000, 73.155718
1000, 75.574129
1000, 74.080540
1000, 76.304273
1000, 71.581016
1000, 76.466565
1000, 72.647967
1000, 72.091251
1000, 73.574070
1000, 72.462555
1000, 71.092897
1000, 72.849344
1000, 70.425084
1000, 72.759359
1000, 71.252603
1000, 63.522974
1000, 75.023549
1000, 74.801684
1000, 71.804719
1000, 73.956604
1000, 75.437327
1000, 76.146475
1000, 76.276282
1000, 78.543722
1000, 76.320870
1000, 71.542040
1000, 79.312514
1000, 75.188777
1000, 76.922722
1000, 76.094965
1000, 76.902647
1000, 77.491615
1000, 79.625534
1000, 69.146161
1000, 82.330328
1000, 80.380340
1000, 73.950572
1000, 77.548887
1000, 78.779750
1000, 79.391427
1000, 72.789296
1000, 73.388364
1000, 77.119358
1000, 79.200440
1000, 78.814525
1000, 84.501960
1000, 70.784108
1000, 81.438538
1000, 73.876997
1000, 74.431966
1000, 66.135354
1000, 71.057997
1000, 78.172786
1000, 75.333620
1000, 73.640622
1000, 72.032054
1000, 75.153416
1000, 64.578947
1000, 55.661439
1000, 72.248623
1000, 65.391153
1000, 65.485983
1000, 80.792331
1000, 80.655896
1000, 77.585146
1000, 69.682752
1000, 77.251280
1000, 79.819611
1000, 69.820234
1000, 73.288050
1000, 57.608530
1000, 80.143536
1000, 71.871914
1000, 77.645860
1000, 71.355959
1000, 77.632728
1000, 80.055617
1000, 72.876278
1000, 64.417729
1000, 55.992876
1000, 72.580530
1000, 72.205218
1000, 73.683824
1000, 79.285591
1000, 80.633028
1000, 78.963140
1000, 72.230721
1000, 75.652649
1000, 76.611027
1000, 78.402960
1000, 74.806511
1000, 76.474367
1000, 75.803504
1000, 76.679703
1000, 77.713518
1000, 66.532451
1000, 76.884900
1000, 74.307220
1000, 77.353952
1000, 78.327746
1000, 75.477373
1000, 76.668352
1000, 76.141750
1000, 80.187200
1000, 81.599166
1000, 78.981665
1000, 70.004238
1000, 74.134375
1000, 64.603925
1000, 66.262965
1000, 73.444444
1000, 70.947436
1000, 75.318501
1000, 76.646651
1000, 76.893125
1000, 75.913272
1000, 69.328772
1000, 77.054113
1000, 77.614829
1000, 78.322637
1000, 71.381865
1000, 78.704376
1000, 77.195479
1000, 61.412206
1000, 75.585666
1000, 76.890564
1000, 72.033956
1000, 78.477321
1000, 78.518982
1000, 76.632583
1000, 77.054425
1000, 80.844065
1000, 79.723602
1000, 83.989910
1000, 83.357798
1000, 80.280162
1000, 71.198496
1000, 80.228492
1000, 70.287001
1000, 67.755368
1000, 74.039049
1000, 76.197682
1000, 72.978536
1000, 74.764091
1000, 76.799442
1000, 75.451840
1000, 77.387181
1000, 78.312849
1000, 69.661972
1000, 73.774269
1000, 66.043376
1000, 74.412754
1000, 72.970595
1000, 70.405818
1000, 72.940273
1000, 73.953283
1000, 59.508136
1000, 65.605418
1000, 76.123818
1000, 73.958713
1000, 71.679120
1000, 75.497522
1000, 75.956447
1000, 75.599396
1000, 72.155381
1000, 78.531657
1000, 71.911817
1000, 62.084938
1000, 73.265915
1000, 76.063077
1000, 75.006599
1000, 77.522141
1000, 78.429874
1000, 76.806486
1000, 69.339100
1000, 78.533175
1000, 79.108423
1000, 79.548060
1000, 77.792566
1000, 68.046881
1000, 69.175573
1000, 75.969218
1000, 75.183344
1000, 77.863893
1000, 78.092430
1000, 76.823854
1000, 74.752144
1000, 77.009696
1000, 78.867901
1000, 70.636329
1000, 80.178380
1000, 71.031269
1000, 74.700857
1000, 73.428267
1000, 77.904480
1000, 78.162746
1000, 75.941855
10000, 73.751603
10000, 72.505339
10000, 72.711138
10000, 74.656093
10000, 74.873057
10000, 73.874150
10000, 76.812700
10000, 74.268929
10000, 77.117573
10000, 71.406366
10000, 74.846096
10000, 78.924225
10000, 72.341680
10000, 75.487897
10000, 72.427243
10000, 76.121663
10000, 75.289740
10000, 79.647387
10000, 77.374871
10000, 71.971738
10000, 72.934317
10000, 76.396503
10000, 72.181343
10000, 75.088247
10000, 77.144639
10000, 69.579168
10000, 74.616659
10000, 76.629362
10000, 73.728152
10000, 74.537999
10000, 76.203498
10000, 71.761224
10000, 75.476134
10000, 74.242112
10000, 76.116634
10000, 73.436610
10000, 78.075099
10000, 77.070016
10000, 70.496556
10000, 70.962382
10000, 71.878628
10000, 72.773125
10000, 75.040125
10000, 73.979454
10000, 78.603210
10000, 72.397894
10000, 75.846431
10000, 73.650888
10000, 78.764299
10000, 75.122349
10000, 72.265260
10000, 72.638617
10000, 77.177564
10000, 72.660756
10000, 76.033181
10000, 75.829097
10000, 70.880021
10000, 77.630378
10000, 72.473482
10000, 77.939487
10000, 74.846420
10000, 73.716933
10000, 74.659616
10000, 77.357398
10000, 77.473140
10000, 75.730988
10000, 74.793423
10000, 74.506460
10000, 73.153558
10000, 69.195736
10000, 75.909647
10000, 76.440233
10000, 72.406377
10000, 78.297502
10000, 79.148792
10000, 71.885853
10000, 70.928065
10000, 73.897223
10000, 74.075064
10000, 74.415485
10000, 69.398289
10000, 73.030500
10000, 74.121914
10000, 76.073310
10000, 72.158017
10000, 70.869029
10000, 70.969868
10000, 73.168417
10000, 72.350771
10000, 73.296403
10000, 72.381136
10000, 75.586146
10000, 72.408018
10000, 78.437981
10000, 75.937262
10000, 77.057094
10000, 71.571019
10000, 77.832113
10000, 71.653036
10000, 74.319053
10000, 72.438202
10000, 77.410110
10000, 75.165637
10000, 77.014440
10000, 73.477737
10000, 74.924541
10000, 75.268063
10000, 75.259870
10000, 76.040575
10000, 73.665084
10000, 73.229713
10000, 72.387852
10000, 68.091168
10000, 73.184107
10000, 74.888061
10000, 72.139774
10000, 71.513360
10000, 73.441781
10000, 75.111502
10000, 77.289577
10000, 73.365602
10000, 74.414389
10000, 71.250472
10000, 75.568527
10000, 73.582584
10000, 73.427925
10000, 74.118645
10000, 78.002864
10000, 75.603710
10000, 74.677293
10000, 76.383368
10000, 75.126646
10000, 70.644853
10000, 78.681245
10000, 75.102441
10000, 68.456532
10000, 74.049968
10000, 75.756998
10000, 78.380013
10000, 75.445590
10000, 77.620790
10000, 72.494871
10000, 73.020019
10000, 76.531699
10000, 71.541318
10000, 72.028939
10000, 73.686058
10000, 70.826158
10000, 72.283815
10000, 74.180377
10000, 75.963607
10000, 74.304355
10000, 72.739051
10000, 70.006606
10000, 74.127943
10000, 74.824425
10000, 73.821954
10000, 74.922377
10000, 73.843621
10000, 73.769535
10000, 74.392766
10000, 78.008808
10000, 76.380943
10000, 76.290883
10000, 73.792571
10000, 79.041484
10000, 77.068924
10000, 67.362647
10000, 74.681472
10000, 77.690207
10000, 70.830008
10000, 72.906119
10000, 76.608110
10000, 73.692860
10000, 75.789842
10000, 76.365380
10000, 71.813877
10000, 73.700538
10000, 73.578174
10000, 73.304285
10000, 69.310712
10000, 74.171193
10000, 69.605913
10000, 76.232520
10000, 73.349105
10000, 71.166401
10000, 73.757887
10000, 70.184582
10000, 76.391337
10000, 78.187437
10000, 80.592866
10000, 75.453567
10000, 75.579614
10000, 71.849377
10000, 71.555263
10000, 70.516271
10000, 76.170518
10000, 71.187420
10000, 75.107102
10000, 73.632736
10000, 73.107331
10000, 75.760737
10000, 73.905520
10000, 70.737277
10000, 77.335037
10000, 80.037421
10000, 73.084296
10000, 71.030667
10000, 76.010126
10000, 74.701927
10000, 74.888193
10000, 75.995068
10000, 77.189213
10000, 74.766425
10000, 71.602849
10000, 75.587440
10000, 78.403512
10000, 74.269226
10000, 81.243850
10000, 75.236043
10000, 78.606877
10000, 73.853580
10000, 71.412031
10000, 74.068956
10000, 74.049774
10000, 71.299747
10000, 74.955080
10000, 75.050974
10000, 69.908121
10000, 71.365343
10000, 74.243203
10000, 76.172988
10000, 70.372266
10000, 76.047701
10000, 74.999524
10000, 78.731600
10000, 73.501674
10000, 71.833062
10000, 74.713170
10000, 78.339312
10000, 73.267990
10000, 75.950900
10000, 72.143312
10000, 73.800528
10000, 71.248596
10000, 72.956390
10000, 76.238524
10000, 70.877246
10000, 73.977865
10000, 77.398644
10000, 73.878704
10000, 71.800295
10000, 71.797274
10000, 73.740665
10000, 76.676685
10000, 75.102397
10000, 73.426685
10000, 78.156434
10000, 74.164864
10000, 79.585710
10000, 76.330723
10000, 71.543212
10000, 73.916368
10000, 74.529084
10000, 75.423888
10000, 74.788606
10000, 76.801625
10000, 74.486059
10000, 76.147891
10000, 75.237102
10000, 74.011097
10000, 77.062661
10000, 77.711088
10000, 73.976332
10000, 72.820215
10000, 72.706255
10000, 75.616499
10000, 73.106330
10000, 75.025633
10000, 75.457420
10000, 75.528735
10000, 78.886047
10000, 74.842523
10000, 80.118763
10000, 70.153498
10000, 73.507156
10000, 73.565265
10000, 75.712179
10000, 75.437943
10000, 75.413682
10000, 70.784303
10000, 75.281818
10000, 74.536513
10000, 78.461744
10000, 73.213450
10000, 75.265507
10000, 75.925860
10000, 79.761396
10000, 76.275873
10000, 76.283279
10000, 73.127324
10000, 72.829934
10000, 74.003684
10000, 74.577516
10000, 73.071824
10000, 77.892509
10000, 71.697827
10000, 78.043358
10000, 76.004129
10000, 74.884426
10000, 75.204192
10000, 75.180373
10000, 76.997654
10000, 70.664579
10000, 73.490699
10000, 70.621625
10000, 75.080600
10000, 76.457848
10000, 72.832552
10000, 75.160412
10000, 76.697215
10000, 76.746332
10000, 74.181137
10000, 78.592339
10000, 71.510637
10000, 74.552664
10000, 74.024112
10000, 76.648784
10000, 70.983537
10000, 76.457889
10000, 70.256534
10000, 71.087437
10000, 76.473050
10000, 78.150609
10000, 72.912701
10000, 69.917596
10000, 74.766736
10000, 71.469791
10000, 76.932980
10000, 80.252845
10000, 76.119729
10000, 74.599878
10000, 72.235200
10000, 71.964809
10000, 76.248351
10000, 74.460885
10000, 75.146342
10000, 74.944550
10000, 70.593946
10000, 72.489814
10000, 81.295498
10000, 71.452327
10000, 73.508333
10000, 73.391342
10000, 75.456965
10000, 77.959429
10000, 75.648172
10000, 72.747412
10000, 71.660717
10000, 74.751626
10000, 79.061674
10000, 75.580977
10000, 68.681102
10000, 80.049915
10000, 76.459428
10000, 76.064283
10000, 74.066999
10000, 77.049477
10000, 75.506103
10000, 75.534036
10000, 73.719696
10000, 65.619543
10000, 70.927408
10000, 74.444895
10000, 72.565278
10000, 72.633830
10000, 73.357358
10000, 74.817536
10000, 73.944446
10000, 78.205339
10000, 69.285109
10000, 74.660927
10000, 74.896572
10000, 72.362685
10000, 76.013895
10000, 74.198455
10000, 75.092091
10000, 70.918627
10000, 74.815973
10000, 76.313113
10000, 69.609221
10000, 75.776375
10000, 74.787541
10000, 74.014425
10000, 76.465042
10000, 75.917374
10000, 71.589707
10000, 75.425356
10000, 73.637357
10000, 77.444442
10000, 74.501936
10000, 73.080582
10000, 74.331721
10000, 78.333254
10000, 73.355359
10000, 75.020009
10000, 74.934843
10000, 76.526741
10000, 77.773684
10000, 76.778572
10000, 68.839699
10000, 76.743942
10000, 74.606954
10000, 73.495147
10000, 74.922862
10000, 75.930459
10000, 71.979937
10000, 75.327593
10000, 74.842132
10000, 72.177403
10000, 74.302639
10000, 73.659335
10000, 77.380114
10000, 75.864197
10000, 75.933264
10000, 75.052752
10000, 79.425897
10000, 76.447514
10000, 75.029004
10000, 74.811933
10000, 77.362873
10000, 68.799065
10000, 69.213749
10000, 78.072056
10000, 77.470424
10000, 74.697219
10000, 76.338774
10000, 76.130469
10000, 76.604446
10000, 76.721110
10000, 68.401850
10000, 74.029879
10000, 71.731659
10000, 76.170699
10000, 75.238089
10000, 70.984581
10000, 73.544718
10000, 72.285133
10000, 75.992770
10000, 77.420053
10000, 76.272207
10000, 74.350358
10000, 77.214219
10000, 72.936458
10000, 76.039588
10000, 75.454359
10000, 77.610769
10000, 73.766457
10000, 71.353407
10000, 71.214045
10000, 79.207830
10000, 68.680112
10000, 77.510720
10000, 73.005734
10000, 75.425472
10000, 75.785213
10000, 73.558695
10000, 71.826876
10000, 73.716659
10000, 71.287714
10000, 76.026640
10000, 71.666976
10000, 73.336556
10000, 76.758579
10000, 75.247347
10000, 73.201100
10000, 76.057792
10000, 70.263516
10000, 71.469141
10000, 75.274948
10000, 77.237696
10000, 78.855482
10000, 75.189364
10000, 76.211884
10000, 77.189295
10000, 73.302530
10000, 76.491203
10000, 77.106791
10000, 71.674443
10000, 76.131140
10000, 72.034582
10000, 77.823473
10000, 73.344666
10000, 74.323790
10000, 70.283972
10000, 72.587188
10000, 74.097246
10000, 73.740273
10000, 71.804339
10000, 74.317064
10000, 75.902929
10000, 74.415432
10000, 71.923831
10000, 77.015974
10000, 71.161238
10000, 73.472295
10000, 76.971919
10000, 78.228433
10000, 74.478078
10000, 79.688870
10000, 69.046495
10000, 72.310893
10000, 76.024097
10000, 73.636754
10000, 68.588376
10000, 76.924984
10000, 76.188096
10000, 76.132932
10000, 72.017604
10000, 75.719506
10000, 70.397368
10000, 70.506464
10000, 78.296749
10000, 74.595562
10000, 73.197943
10000, 73.931848
10000, 75.765048
10000, 74.567657
10000, 73.843833
10000, 75.742448
10000, 68.306481
10000, 72.535753
10000, 77.121664
10000, 74.587331
10000, 73.867036
10000, 73.063600
10000, 75.018094
10000, 75.480687
10000, 73.263142
10000, 74.811030
10000, 76.371081
10000, 74.516127
10000, 75.483460
10000, 73.001545
10000, 67.511587
10000, 76.690067
10000, 73.556072
10000, 78.977358
10000, 68.292424
10000, 74.105297
10000, 73.418915
10000, 75.840863
10000, 69.819268
10000, 73.581976
10000, 74.590089
10000, 73.610693
10000, 75.830945
10000, 76.872397
10000, 78.281269
10000, 73.875987
10000, 73.152322
10000, 72.089439
10000, 75.124083
10000, 75.825150
10000, 76.687489
10000, 75.323834
10000, 76.057110
10000, 73.364665
10000, 71.765780
10000, 74.888686
10000, 75.014210
10000, 71.470349
10000, 77.133863
10000, 73.230127
10000, 76.659598
10000, 73.361276
10000, 70.810195
10000, 72.574215
10000, 77.736761
10000, 73.268981
10000, 74.078061
10000, 72.254946
10000, 75.910963
10000, 73.215928
10000, 75.736829
10000, 71.903259
10000, 77.128025
10000, 76.442969
10000, 81.136297
10000, 75.470982
10000, 71.851983
10000, 71.842699
10000, 77.722643
10000, 73.948041
10000, 78.671819
10000, 74.046343
10000, 78.604666
10000, 74.223023
10000, 72.583015
10000, 76.547362
10000, 72.682991
10000, 74.704670
10000, 76.041548
10000, 71.609582
10000, 78.858426
10000, 76.593943
10000, 76.756775
10000, 76.251641
10000, 70.948856
10000, 74.582889
10000, 76.063250
10000, 69.867396
10000, 76.140229
10000, 77.010938
10000, 75.003898
10000, 71.614292
10000, 77.805363
10000, 75.624997
10000, 76.605623
10000, 74.514742
10000, 77.897957
10000, 69.938781
10000, 76.357707
10000, 77.686390
10000, 75.065849
10000, 76.565142
10000, 72.567343
10000, 72.955995
10000, 72.640114
10000, 70.992550
10000, 69.831596
10000, 73.372738
10000, 72.783436
10000, 73.980961
10000, 75.277344
10000, 77.676451
10000, 72.896630
10000, 73.220600
10000, 76.622012
10000, 75.713069
10000, 68.774805
10000, 75.668096
10000, 74.697063
10000, 73.860229
10000, 72.541628
10000, 71.848025
10000, 69.781910
10000, 77.423423
10000, 69.205920
10000, 74.564558
10000, 77.927173
10000, 76.693231
10000, 75.845790
10000, 74.910186
10000, 73.355474
10000, 78.339189
10000, 73.879628
10000, 74.037163
10000, 77.474739
10000, 75.599290
10000, 77.068368
10000, 75.584146
10000, 78.296315
10000, 74.133878
10000, 73.816913
10000, 74.047728
10000, 70.114780
10000, 72.026528
10000, 78.783773
10000, 71.522612
10000, 73.661206
10000, 72.403678
10000, 72.791562
10000, 68.098999
10000, 77.862109
10000, 70.357035
10000, 73.431207
10000, 73.168463
10000, 74.082776
10000, 72.112619
10000, 78.432637
10000, 78.380050
10000, 76.680237
10000, 74.729035
10000, 75.014551
10000, 72.724459
10000, 73.119299
10000, 74.473321
10000, 78.819203
10000, 71.986735
10000, 72.469302
10000, 72.716040
10000, 76.966922
10000, 74.696671
10000, 74.212896
10000, 76.317214
10000, 75.995700
10000, 76.446699
10000, 72.151575
10000, 71.112033
10000, 71.621966
10000, 73.651512
10000, 74.220573
10000, 70.086949
10000, 69.953149
10000, 72.121455
10000, 72.560642
10000, 70.566556
10000, 74.718017
10000, 70.050053
10000, 76.105965
10000, 80.295711
10000, 72.957160
10000, 73.223407
10000, 73.453563
10000, 75.365873
10000, 74.596835
10000, 78.380155
10000, 72.496208
10000, 75.511901
10000, 72.363261
10000, 75.987839
10000, 74.127160
10000, 72.333596
10000, 74.814122
10000, 72.690116
10000, 73.672693
10000, 76.904708
10000, 76.209326
10000, 76.825214
10000, 74.403451
10000, 75.560361
10000, 72.156130
10000, 76.420382
10000, 74.110441
10000, 75.793681
10000, 70.121496
10000, 75.141234
10000, 72.664166
10000, 75.528078
10000, 68.098260
10000, 75.648042
10000, 74.570872
10000, 76.873499
10000, 74.897978
10000, 72.465931
10000, 74.989517
10000, 73.580464
10000, 75.577888
10000, 75.222291
10000, 72.510200
10000, 74.682254
10000, 72.418355
10000, 76.756230
10000, 75.751135
10000, 71.477503
10000, 76.385822
10000, 74.130295
10000, 73.943286
10000, 72.596246
10000, 75.217832
10000, 73.029967
10000, 78.427280
10000, 71.705454
10000, 73.953139
10000, 74.158547
10000, 71.948273
10000, 69.399794
10000, 72.538292
10000, 74.451154
10000, 72.191658
10000, 72.978033
10000, 70.348517
10000, 70.191429
10000, 68.584100
10000, 72.759742
10000, 74.672953
10000, 74.649454
10000, 76.396091
10000, 72.920050
10000, 75.457544
10000, 71.398100
10000, 74.588126
10000, 75.513988
10000, 72.424698
10000, 76.739681
10000, 76.882747
10000, 74.766551
10000, 72.769730
10000, 70.062874
10000, 78.663026
10000, 73.453681
10000, 73.465394
10000, 74.075313
10000, 72.847082
10000, 70.273670
10000, 78.082543
10000, 75.041724
10000, 80.074570
10000, 75.453725
10000, 76.686914
10000, 76.737571
10000, 72.056543
10000, 73.459181
10000, 72.192505
10000, 75.505650
10000, 74.177954
10000, 74.492285
10000, 77.017305
10000, 71.825906
10000, 75.303647
10000, 69.004801
10000, 72.881231
10000, 74.172258
10000, 78.369601
10000, 72.599116
10000, 76.686135
10000, 74.045267
10000, 73.900345
10000, 74.295464
10000, 77.240192
10000, 74.346223
10000, 78.706068
10000, 74.653503
10000, 74.489499
10000, 72.579386
10000, 76.435110
10000, 70.929860
10000, 72.877297
10000, 70.676663
10000, 76.761412
10000, 73.038922
10000, 73.021344
10000, 74.270281
10000, 69.422187
10000, 73.734415
10000, 73.450659
10000, 73.484441
10000, 75.312749
10000, 77.230917
10000, 77.288447
10000, 71.855399
10000, 71.620626
10000, 76.045630
10000, 75.136175
10000, 70.968673
10000, 80.074027
10000, 71.537896
10000, 73.350643
10000, 75.190888
10000, 73.677764
10000, 74.220439
10000, 75.312919
10000, 74.299413
10000, 77.238647
10000, 73.470221
10000, 73.400563
10000, 74.174927
10000, 78.654696
10000, 71.963212
10000, 75.518367
10000, 74.458349
10000, 75.693409
10000, 74.198122
10000, 69.201327
10000, 73.816632
10000, 70.593460
10000, 77.363783
10000, 72.350447
10000, 72.971834
10000, 74.388297
10000, 76.669061
10000, 74.795510
10000, 69.965495
10000, 72.149871
10000, 72.237326
10000, 74.010317
10000, 77.011527
10000, 78.078107
10000, 78.353784
10000, 72.426406
10000, 73.531958
10000, 77.673096
10000, 70.578270
10000, 76.169681
10000, 78.926673
10000, 77.972914
10000, 70.641739
10000, 76.573206
10000, 69.524597
10000, 78.733214
10000, 73.622771
10000, 72.610244
10000, 72.536361
10000, 73.282442
10000, 73.519023
10000, 75.825978
10000, 72.165892
10000, 71.446570
10000, 78.315863
10000, 74.505833
10000, 71.823857
10000, 75.615904
10000, 73.386365
10000, 70.038811
10000, 71.138398
10000, 71.298870
10000, 74.271517
10000, 74.220719
10000, 76.209890
10000, 75.825006
10000, 72.933046
10000, 73.909405
10000, 69.598123
10000, 79.264653
10000, 71.317387
10000, 77.387866
10000, 75.034795
10000, 79.805507
10000, 74.089004
10000, 71.645553
10000, 74.018337
10000, 72.742566
10000, 70.101145
10000, 72.755811
10000, 73.605439
10000, 76.630725
10000, 80.333582
10000, 75.063391
10000, 72.486072
10000, 75.691619
10000, 74.753738
10000, 72.865470
10000, 75.126585
10000, 70.700954
10000, 76.541816
10000, 72.350998
10000, 73.906120
10000, 73.863102
10000, 74.676208
10000, 78.676642
10000, 73.770928
10000, 71.927404
10000, 75.393770
10000, 73.248865
10000, 75.443950
10000, 71.756844
10000, 75.558717
10000, 78.140011
10000, 79.423378
10000, 72.263698
10000, 72.255844
10000, 75.561544
10000, 76.379068
10000, 75.766852
10000, 75.209911
10000, 73.705611
10000, 72.518167
10000, 71.055266
10000, 77.816368
10000, 76.732089
10000, 73.181040
10000, 76.477264
10000, 76.564605
10000, 76.098548
10000, 72.310458
10000, 71.298980
10000, 74.723801
10000, 77.609475
10000, 70.706659
10000, 71.261394
10000, 76.361791
10000, 70.600823
10000, 72.494367
10000, 74.230543
10000, 77.436250
10000, 73.311801
10000, 72.489416
10000, 75.792799
10000, 71.876351
10000, 75.605654
10000, 74.783956
10000, 73.804569
10000, 74.436573
10000, 76.469071
10000, 77.509073
10000, 70.144506
10000, 74.936904
10000, 74.858625
10000, 71.862204
10000, 75.809176
10000, 72.645752
10000, 74.564519
10000, 75.865514
10000, 76.170353
10000, 73.257810
10000, 73.336894
10000, 72.344984
10000, 72.619250
10000, 76.39543711, 51.000000
1, 44.500000
1, 66.000000
1, 84.000000
1, 92.000000
1, 93.500000
1, 40.250000
1, 54.666667
1, 42.750000
1, 54.333333
1, 53.333333
1, 79.000000
1, 42.500000
1, 74.333333
1, 52.333333
1, 53.666667
1, 78.500000
1, 84.500000
1, 52.333333
1, 53.000000
1, 55.000000
1, 60.666667
1, 87.000000
1, 76.666667
1, 59.333333
1, 50.000000
1, 76.333333
1, 85.000000
1, 59.000000
1, 140.000000
1, 47.000000
1, 73.666667
1, 66.666667
1, 60.333333
1, 66.333333
1, 95.000000
1, 56.333333
1, 113.500000
1, 60.333333
1, 83.500000
1, 54.000000
1, 54.333333
1, 79.500000
1, 53.666667
1, 88.000000
1, 64.666667
1, 55.666667
1, 55.666667
1, 48.500000
1, 61.000000
1, 59.666667
1, 53.333333
1, 51.666667
1, 61.666667
1, 52.000000
1, 64.000000
1, 88.000000
1, 57.666667
1, 83.000000
1, 48.000000
1, 63.250000
1, 78.666667
1, 58.000000
1, 43.000000
1, 63.666667
1, 86.666667
1, 59.333333
1, 86.000000
1, 101.000000
1, 58.333333
1, 54.000000
1, 82.000000
1, 55.333333
1, 54.000000
1, 52.666667
1, 40.500000
1, 78.500000
1, 53.333333
1, 56.750000
1, 59.000000
1, 64.750000
1, 77.000000
1, 61.333333
1, 65.333333
1, 75.333333
1, 77.666667
1, 56.000000
1, 60.000000
1, 59.333333
1, 54.666667
1, 66.000000
1, 66.333333
1, 47.500000
1, 78.000000
1, 84.000000
1, 42.250000
1, 59.000000
1, 86.500000
1, 55.000000
1, 83.500000
1, 53.666667
1, 66.000000
1, 65.000000
1, 62.000000
1, 55.000000
1, 58.666667
1, 54.000000
1, 95.500000
1, 53.333333
1, 55.333333
1, 68.000000
1, 97.000000
1, 91.000000
1, 90.000000
1, 134.750000
1, 84.000000
1, 52.333333
1, 57.666667
1, 74.333333
1, 58.666667
1, 75.666667
1, 53.333333
1, 59.333333
1, 57.666667
1, 64.000000
1, 101.500000
1, 42.500000
1, 61.500000
1, 48.400000
1, 88.000000
1, 93.000000
1, 40.750000
1, 53.000000
1, 54.000000
1, 55.000000
1, 52.750000
1, 52.750000
1, 58.666667
1, 41.000000
1, 66.333333
1, 68.000000
1, 53.000000
1, 51.666667
1, 62.333333
1, 57.666667
1, 58.000000
1, 59.333333
1, 67.000000
1, 77.000000
1, 65.000000
1, 65.750000
1, 60.666667
1, 55.666667
1, 63.333333
1, 63.333333
1, 54.666667
1, 53.000000
1, 60.666667
1, 116.500000
1, 105.500000
1, 82.500000
1, 93.000000
1, 56.000000
1, 86.000000
1, 62.666667
1, 62.333333
1, 98.000000
1, 62.000000
1, 55.666667
1, 58.666667
1, 64.333333
1, 72.333333
1, 59.333333
1, 91.000000
1, 52.666667
1, 58.666667
1, 52.666667
1, 49.750000
1, 53.000000
1, 59.333333
1, 78.500000
1, 86.000000
1, 80.000000
1, 83.500000
1, 82.000000
1, 79.500000
1, 85.500000
1, 53.000000
1, 79.000000
1, 53.000000
1, 51.333333
1, 53.000000
1, 77.500000
1, 52.333333
1, 51.333333
1, 55.666667
1, 57.666667
1, 86.000000
1, 54.333333
1, 56.666667
1, 58.666667
1, 54.666667
1, 65.000000
1, 81.500000
1, 107.500000
1, 53.666667
1, 79.000000
1, 53.666667
1, 56.666667
1, 56.666667
1, 94.000000
1, 53.000000
1, 56.333333
1, 93.000000
1, 38.500000
1, 59.000000
1, 77.000000
1, 52.333333
1, 77.000000
1, 54.000000
1, 52.666667
1, 71.666667
1, 81.500000
1, 67.666667
1, 83.500000
1, 64.666667
1, 53.666667
1, 54.333333
1, 61.000000
1, 53.000000
1, 51.333333
1, 22.428571
1, 112.666667
1, 81.500000
1, 53.000000
1, 53.666667
1, 97.500000
1, 57.666667
1, 82.000000
1, 55.333333
1, 53.666667
1, 63.333333
1, 54.666667
1, 55.000000
1, 55.666667
1, 81.500000
1, 54.000000
1, 53.666667
1, 78.500000
1, 93.500000
1, 53.000000
1, 53.666667
1, 52.333333
1, 54.333333
1, 56.000000
1, 55.666667
1, 56.666667
1, 81.500000
1, 56.666667
1, 55.750000
1, 77.333333
1, 84.500000
1, 64.333333
1, 53.000000
1, 51.666667
1, 52.666667
1, 52.333333
1, 52.666667
1, 77.500000
1, 83.500000
1, 81.500000
1, 54.333333
1, 53.000000
1, 56.666667
1, 53.666667
1, 81.500000
1, 52.666667
1, 82.000000
1, 85.333333
1, 55.666667
1, 72.333333
1, 54.000000
1, 52.000000
1, 94.500000
1, 51.333333
1, 52.666667
1, 51.000000
1, 52.333333
1, 94.500000
1, 59.000000
1, 107.000000
1, 64.666667
1, 76.500000
1, 59.333333
1, 51.666667
1, 92.500000
1, 52.333333
1, 53.333333
1, 51.333333
1, 52.666667
1, 85.500000
1, 53.666667
1, 51.333333
1, 66.666667
1, 56.000000
1, 111.500000
1, 81.000000
1, 52.666667
1, 77.000000
1, 64.000000
1, 99.000000
1, 66.666667
1, 56.000000
1, 56.000000
1, 53.666667
1, 54.666667
1, 53.000000
1, 59.000000
1, 55.666667
1, 56.000000
1, 81.000000
1, 106.500000
1, 63.000000
1, 64.333333
1, 123.000000
1, 83.000000
1, 58.666667
1, 135.000000
1, 79.500000
1, 127.500000
1, 120.000000
1, 53.666667
1, 102.000000
1, 53.333333
1, 91.333333
1, 60.000000
1, 52.333333
1, 99.500000
1, 78.000000
1, 53.333333
1, 66.000000
1, 97.333333
1, 74.333333
1, 58.000000
1, 55.000000
1, 68.666667
1, 73.666667
1, 56.666667
1, 52.666667
1, 57.666667
1, 55.000000
1, 56.666667
1, 81.500000
1, 82.500000
1, 86.000000
1, 54.333333
1, 55.666667
1, 53.666667
1, 62.000000
1, 55.666667
1, 53.666667
1, 54.333333
1, 101.500000
1, 53.666667
1, 51.666667
1, 54.666667
1, 79.500000
1, 62.000000
1, 52.333333
1, 98.000000
1, 57.333333
1, 98.333333
1, 77.000000
1, 65.333333
1, 51.333333
1, 52.333333
1, 51.000000
1, 80.000000
1, 51.666667
1, 52.333333
1, 90.500000
1, 133.000000
1, 140.500000
1, 53.666667
1, 56.333333
1, 79.000000
1, 66.000000
1, 52.333333
1, 51.000000
1, 59.333333
1, 56.333333
1, 56.333333
1, 73.333333
1, 63.500000
1, 84.666667
1, 82.000000
1, 79.500000
1, 54.333333
1, 100.000000
1, 62.333333
1, 99.000000
1, 58.333333
1, 56.000000
1, 56.666667
1, 62.000000
1, 55.333333
1, 58.333333
1, 54.333333
1, 68.666667
1, 59.000000
1, 59.000000
1, 95.000000
1, 52.666667
1, 53.666667
1, 52.333333
1, 77.333333
1, 75.000000
1, 53.000000
1, 63.333333
1, 56.000000
1, 77.500000
1, 65.333333
1, 52.666667
1, 53.000000
1, 62.333333
1, 52.666667
1, 59.666667
1, 52.666667
1, 51.666667
1, 58.666667
1, 67.000000
1, 57.333333
1, 54.666667
1, 55.000000
1, 65.333333
1, 55.000000
1, 80.000000
1, 60.333333
1, 66.333333
1, 85.500000
1, 70.333333
1, 63.333333
1, 55.333333
1, 83.500000
1, 88.666667
1, 62.666667
1, 60.666667
1, 61.000000
1, 53.333333
1, 54.000000
1, 67.666667
1, 54.000000
1, 52.333333
1, 104.666667
1, 8.850000
1, 64.333333
1, 69.333333
1, 53.333333
1, 52.000000
1, 54.000000
1, 51.666667
1, 48.750000
1, 51.666667
1, 93.500000
1, 53.666667
1, 77.333333
1, 51.333333
1, 96.500000
1, 51.333333
1, 57.666667
1, 51.333333
1, 78.500000
1, 87.000000
1, 57.333333
1, 58.000000
1, 57.000000
1, 55.666667
1, 61.333333
1, 54.333333
1, 84.500000
1, 71.000000
1, 88.000000
1, 84.000000
1, 56.000000
1, 55.666667
1, 83.500000
1, 59.666667
1, 54.333333
1, 53.000000
1, 59.000000
1, 81.000000
1, 40.750000
1, 64.000000
1, 54.333333
1, 56.000000
1, 91.500000
1, 64.000000
1, 53.333333
1, 80.500000
1, 53.000000
1, 52.000000
1, 56.333333
1, 57.666667
1, 60.333333
1, 83.500000
1, 86.000000
1, 59.666667
1, 62.000000
1, 77.000000
1, 52.333333
1, 61.000000
1, 56.000000
1, 72.666667
1, 56.666667
1, 59.333333
1, 66.000000
1, 71.666667
1, 87.666667
1, 54.666667
1, 55.333333
1, 80.500000
1, 54.000000
1, 85.000000
1, 58.666667
1, 83.500000
1, 101.500000
1, 38.750000
1, 77.000000
1, 58.000000
1, 57.333333
1, 82.500000
1, 55.333333
1, 52.000000
1, 52.666667
1, 57.666667
1, 56.666667
1, 52.333333
1, 55.000000
1, 74.000000
1, 68.333333
1, 51.333333
1, 76.333333
1, 56.000000
1, 61.250000
1, 82.333333
1, 62.750000
1, 79.333333
1, 79.000000
1, 77.666667
1, 75.333333
1, 57.750000
1, 63.500000
1, 62.750000
1, 73.250000
1, 64.000000
1, 61.250000
1, 44.250000
1, 67.500000
1, 83.666667
1, 76.333333
1, 75.000000
1, 5.520000
1, 61.500000
1, 61.750000
1, 67.500000
1, 60.750000
1, 83.333333
1, 77.333333
1, 106.500000
1, 79.000000
1, 76.333333
1, 58.666667
1, 62.666667
1, 42.250000
1, 87.000000
1, 82.250000
1, 90.666667
1, 117.000000
1, 116.333333
1, 92.666667
1, 63.000000
1, 54.000000
1, 170.500000
1, 53.666667
1, 108.500000
1, 64.000000
1, 51.666667
1, 57.500000
1, 64.333333
1, 65.000000
1, 56.000000
1, 80.500000
1, 86.000000
1, 56.666667
1, 54.333333
1, 44.250000
1, 67.666667
1, 56.666667
1, 53.666667
1, 54.666667
1, 94.000000
1, 57.333333
1, 79.500000
1, 83.000000
1, 86.500000
1, 80.500000
1, 85.500000
1, 80.000000
1, 52.333333
1, 68.333333
1, 55.666667
1, 53.000000
1, 62.666667
1, 67.333333
1, 54.333333
1, 53.333333
1, 78.333333
1, 86.500000
1, 61.000000
1, 55.333333
1, 56.000000
1, 72.333333
1, 58.000000
1, 64.666667
1, 54.666667
1, 55.000000
1, 53.333333
1, 67.000000
1, 56.333333
1, 82.500000
1, 79.500000
1, 61.000000
1, 84.500000
1, 89.000000
1, 85.000000
1, 59.333333
1, 54.666667
1, 60.000000
1, 54.333333
1, 53.333333
1, 52.000000
1, 60.000000
1, 51.666667
1, 53.000000
1, 51.666667
1, 79.000000
1, 77.000000
1, 52.666667
1, 51.666667
1, 52.666667
1, 55.000000
1, 52.666667
1, 74.000000
1, 58.666667
1, 60.666667
1, 79.000000
1, 55.666667
1, 52.666667
1, 54.666667
1, 58.000000
1, 51.333333
1, 56.666667
1, 76.500000
1, 84.500000
1, 56.333333
1, 58.000000
1, 55.000000
1, 91.000000
1, 112.500000
1, 58.333333
1, 102.500000
1, 56.000000
1, 64.000000
1, 85.000000
1, 62.000000
1, 55.000000
1, 80.000000
1, 83.000000
1, 65.666667
1, 54.666667
1, 61.333333
1, 52.333333
1, 52.000000
1, 83.500000
1, 67.666667
1, 58.666667
1, 79.500000
1, 80.000000
1, 51.666667
1, 79.500000
1, 51.666667
1, 53.000000
1, 58.000000
1, 77.666667
1, 60.000000
1, 53.000000
1, 51.333333
1, 70.333333
1, 59.333333
1, 52.666667
1, 54.333333
1, 56.000000
1, 48.000000
1, 52.666667
1, 81.000000
1, 52.333333
1, 89.000000
1, 52.000000
1, 54.333333
1, 55.000000
1, 97.500000
1, 57.666667
1, 82.500000
1, 68.666667
1, 56.333333
1, 56.000000
1, 60.333333
1, 82.500000
1, 53.333333
1, 60.000000
1, 96.500000
1, 86.500000
1, 68.000000
1, 59.333333
1, 54.333333
1, 82.500000
1, 57.000000
1, 53.666667
1, 52.666667
1, 53.666667
1, 69.333333
1, 60.666667
1, 72.000000
1, 53.666667
1, 81.000000
1, 53.000000
1, 77.500000
1, 53.666667
1, 59.666667
1, 60.666667
1, 51.333333
1, 79.000000
1, 75.000000
1, 67.666667
1, 53.750000
1, 82.333333
1, 56.666667
1, 53.666667
1, 52.333333
1, 79.500000
1, 88.500000
1, 57.666667
1, 56.666667
1, 71.666667
1, 77.333333
1, 84.500000
1, 147.666667
1, 56.000000
1, 55.666667
1, 57.000000
1, 54.666667
1, 60.000000
1, 85.000000
1, 56.000000
1, 53.666667
1, 81.500000
1, 53.000000
1, 97.000000
1, 56.750000
1, 54.666667
1, 57.000000
1, 54.333333
1, 55.666667
1, 54.000000
1, 58.666667
1, 87.000000
1, 52.333333
1, 41.000000
1, 77.666667
1, 75.000000
1, 39.250000
1, 66.000000
1, 64.333333
1, 98.000000
1, 56.333333
1, 53.666667
1, 96.000000
1, 54.333333
1, 51.666667
1, 53.000000
1, 51.333333
1, 64.333333
1, 56.000000
1, 82.000000
1, 53.000000
1, 54.000000
1, 52.333333
1, 53.000000
1, 52.000000
1, 57.666667
1, 86.500000
1, 86.000000
1, 52.000000
1, 40.250000
1, 55.333333
1, 58.000000
1, 64.333333
1, 55.333333
1, 80.000000
1, 60.666667
1, 88.000000
1, 55.000000
1, 60.666667
1, 60.333333
1, 53.333333
1, 60.666667
1, 52.666667
1, 81.000000
1, 79.000000
1, 66.333333
1, 83.000000
1, 53.333333
1, 64.666667
1, 48.000000
1, 78.000000
1, 56.666667
1, 51.666667
1, 79.500000
1, 57.666667
1, 57.333333
1, 55.000000
1, 67.666667
1, 57.000000
1, 83.000000
1, 53.666667
1, 82.000000
1, 72.666667
1, 58.666667
1, 53.666667
1, 85.500000
1, 65.000000
1, 66.666667
1, 54.250000
1, 165.666667
1, 56.000000
1, 62.666667
1, 54.333333
1, 54.333333
1, 52.666667
1, 53.333333
1, 55.000000
1, 52.666667
1, 51.666667
1, 98.000000
1, 52.000000
1, 57.666667
1, 81.500000
1, 79.000000
1, 57.333333
1, 52.333333
1, 77.000000
1, 78.500000
1, 78.500000
1, 52.000000
1, 57.000000
1, 52.000000
1, 76.500000
1, 78.500000
1, 50.666667
1, 62.666667
1, 82.500000
1, 55.000000
1, 53.333333
1, 54.000000
1, 58.333333
1, 55.000000
1, 53.333333
1, 99.500000
1, 85.500000
1, 81.500000
1, 77.666667
1, 59.333333
1, 52.333333
1, 53.333333
1, 55.000000
1, 55.333333
1, 54.333333
1, 65.000000
1, 56.666667
1, 82.000000
1, 79.000000
1, 53.333333
1, 52.000000
1, 56.000000
1, 52.000000
1, 53.000000
1, 53.000000
1, 61.333333
1, 55.666667
1, 61.333333
1, 54.000000
1, 57.666667
1, 52.666667
1, 54.000000
1, 78.500000
1, 57.000000
1, 86.000000
1, 53.000000
1, 53.000000
1, 80.500000
1, 69.666667
1, 57.000000
1, 55.000000
1, 55.000000
1, 53.333333
1, 54.000000
1, 52.666667
1, 57.666667
1, 60.000000
1, 69.000000
1, 58.000000
1, 87.000000
1, 60.000000
1, 54.333333
1, 52.666667
1, 54.333333
1, 52.000000
1, 53.333333
1, 60.000000
1, 56.333333
1, 58.666667
1, 41.000000
1, 74.000000
1, 61.000000
1, 52.666667
1, 53.333333
1, 51.666667
1, 53.000000
1, 55.000000
1, 52.666667
1, 55.333333
1, 79.500000
1, 51.333333
1, 58.000000
1, 55.000000
1, 55.000000
1, 67.333333
1, 56.666667
1, 54.333333
1, 82.000000
1, 78.000000
1, 57.666667
1, 106.000000
1, 72.666667
1, 77.500000
1, 52.666667
1, 59.666667
1, 52.666667
1, 76.500000
1, 52.333333
1, 54.666667
1, 52.333333
1, 77.000000
1, 52.666667
1, 125.000000
1, 79.000000
1, 51.000000
1, 82.000000
1, 51.000000
1, 78.500000
1, 54.000000
1, 53.666667
1, 56.666667
1, 53.000000
1, 56.333333
1, 52.333333
1, 83.000000
1, 52.000000
1, 51.000000
1, 52.000000
1, 51.000000
1, 78.000000
1, 50.666667
1, 78.500000
1, 40.000000
1, 107.500000
1, 56.000000
1, 52.000000
1, 87.000000
1, 52.000000
1, 50.666667
1, 51.666667
1, 57.333333
1, 52.000000
1, 55.666667
1, 51.666667
1, 95.000000
1, 38.750000
1, 76.000000
1, 52.000000
10, 118.357143
10, 130.923077
10, 120.000000
10, 102.785714
10, 103.384615
10, 203.000000
10, 106.384615
10, 96.000000
10, 116.214286
10, 111.923077
10, 118.461538
10, 107.285714
10, 91.000000
10, 108.428571
10, 111.307692
10, 96.214286
10, 97.538462
10, 98.000000
10, 104.142857
10, 95.428571
10, 89.500000
10, 30.477273
