1, 59.000000
1, 72.727273
1, 69.454545
1, 63.833333
1, 67.545455
1, 71.434783
1, 63.818182
1, 80.952381
1, 106.083333
1, 68.583333
1, 63.461538
1, 51.411765
1, 33.200000
1, 112.615385
1, 62.769231
1, 106.461538
1, 68.666667
1, 68.166667
1, 73.000000
1, 40.700000
1, 78.250000
1, 99.071429
1, 81.538462
1, 70.076923
1, 69.615385
1, 39.130435
1, 63.769231
1, 67.615385
1, 68.750000
1, 70.333333
1, 68.916667
1, 69.500000
1, 103.538462
1, 71.833333
1, 71.000000
1, 58.666667
1, 74.615385
1, 68.307692
1, 68.230769
1, 78.846154
1, 65.538462
1, 67.307692
1, 66.769231
1, 65.000000
1, 74.076923
1, 73.250000
1, 67.538462
1, 68.538462
1, 13.238806
1, 59.720000
1, 41.153846
1, 95.533333
1, 64.428571
1, 72.461538
1, 71.769231
1, 70.615385
1, 78.857143
1, 61.307692
1, 95.071429
1, 69.307692
1, 64.928571
1, 69.230769
1, 63.857143
1, 65.285714
1, 45.240000
1, 106.666667
1, 92.600000
1, 70.384615
1, 70.153846
1, 64.857143
1, 69.846154
1, 55.851852
1, 78.571429
1, 70.307692
1, 64.500000
1, 70.000000
1, 70.307692
1, 68.615385
1, 68.294118
1, 87.500000
1, 40.392857
1, 64.714286
1, 35.560000
1, 40.217391
1, 64.000000
1, 69.769231
1, 86.066667
1, 75.384615
1, 66.000000
1, 65.071429
1, 100.933333
1, 63.214286
1, 65.285714
1, 52.611111
1, 80.692308
1, 67.571429
1, 65.285714
1, 64.142857
1, 101.928571
1, 66.571429
1, 45.400000
1, 77.928571
1, 68.076923
1, 69.384615
1, 71.769231
1, 68.000000
1, 94.142857
1, 91.533333
1, 85.928571
1, 64.714286
1, 67.357143
1, 64.928571
1, 91.714286
1, 89.866667
1, 101.866667
1, 70.714286
1, 71.000000
1, 73.000000
1, 66.357143
1, 96.812500
1, 75.800000
1, 98.733333
1, 91.200000
1, 64.400000
1, 74.615385
1, 63.866667
1, 66.500000
1, 120.200000
1, 60.800000
1, 85.333333
1, 68.214286
1, 68.928571
1, 72.307692
1, 63.250000
1, 58.846154
1, 56.240000
1, 65.733333
1, 29.088235
1, 66.928571
1, 72.642857
1, 34.103448
1, 115.466667
1, 87.266667
1, 65.200000
1, 68.571429
1, 67.714286
1, 52.806452
1, 81.142857
1, 62.866667
1, 70.000000
1, 67.714286
1, 76.076923
1, 71.846154
1, 70.400000
1, 41.040000
1, 89.733333
1, 71.142857
1, 70.571429
1, 67.642857
1, 71.642857
1, 61.933333
1, 72.500000
1, 70.214286
1, 12.739726
1, 78.666667
1, 75.466667
1, 65.857143
1, 68.466667
1, 84.071429
1, 68.785714
1, 38.160000
1, 90.642857
1, 108.533333
1, 68.714286
1, 34.214286
1, 101.866667
1, 68.857143
1, 92.933333
1, 70.214286
1, 34.777778
1, 82.733333
1, 73.000000
1, 58.375000
1, 69.142857
1, 73.230769
1, 68.214286
1, 65.928571
1, 36.384615
1, 96.866667
1, 66.785714
1, 67.857143
1, 68.928571
1, 73.307692
1, 69.000000
1, 36.538462
1, 53.031250
1, 109.714286
1, 68.928571
1, 71.428571
1, 63.733333
1, 68.642857
1, 67.500000
1, 112.066667
1, 21.717391
1, 108.666667
1, 67.933333
1, 76.384615
1, 66.285714
1, 38.375000
1, 43.000000
1, 60.555556
1, 92.600000
1, 71.428571
1, 72.461538
1, 54.117647
1, 12.914286
1, 76.866667
1, 63.800000
1, 59.880000
1, 98.250000
1, 66.133333
1, 63.200000
1, 54.444444
1, 71.400000
1, 99.500000
1, 91.333333
1, 60.562500
1, 73.000000
1, 35.314286
1, 109.666667
1, 108.400000
1, 65.200000
1, 66.933333
1, 68.714286
1, 72.285714
1, 72.214286
1, 70.857143
1, 71.000000
1, 60.240000
1, 100.500000
1, 50.285714
1, 64.266667
1, 71.571429
1, 69.071429
1, 35.296296
1, 115.133333
1, 74.851852
1, 72.411765
1, 66.687500
1, 54.789474
1, 67.533333
1, 67.933333
1, 70.600000
1, 92.578947
1, 65.125000
1, 66.066667
1, 75.071429
1, 70.714286
1, 59.578947
1, 39.407407
1, 101.666667
1, 63.000000
1, 61.687500
1, 66.733333
1, 37.846154
1, 99.428571
1, 97.125000
1, 66.533333
1, 68.500000
1, 64.800000
1, 67.642857
1, 68.357143
1, 74.076923
1, 41.900000
1, 76.200000
1, 68.928571
1, 65.500000
1, 67.000000
1, 65.714286
1, 38.305556
1, 63.259259
1, 78.133333
1, 100.066667
1, 64.133333
1, 65.266667
1, 63.937500
1, 99.875000
1, 77.666667
1, 88.500000
1, 69.285714
1, 66.285714
1, 37.680000
1, 90.466667
1, 120.400000
1, 48.037037
1, 71.125000
1, 64.666667
1, 62.333333
1, 64.125000
1, 35.068966
1, 65.533333
1, 72.428571
1, 110.333333
1, 67.857143
1, 64.200000
1, 69.333333
1, 35.551724
1, 78.533333
1, 67.142857
1, 65.066667
1, 67.785714
1, 68.071429
1, 84.333333
1, 63.777778
1, 76.857143
1, 69.642857
1, 69.142857
1, 69.071429
1, 75.384615
1, 68.214286
1, 75.000000
1, 78.875000
1, 68.500000
1, 65.928571
1, 79.428571
1, 68.857143
1, 67.785714
1, 68.714286
1, 64.333333
1, 74.142857
1, 68.214286
1, 65.928571
1, 106.533333
1, 68.571429
1, 70.357143
1, 39.320000
1, 56.500000
1, 81.000000
1, 66.214286
1, 68.500000
1, 34.407407
1, 110.466667
1, 100.400000
1, 67.600000
1, 68.357143
1, 69.500000
1, 68.571429
1, 79.846154
1, 92.466667
1, 34.500000
1, 16.026667
1, 83.000000
1, 68.400000
1, 67.200000
1, 87.866667
1, 71.200000
1, 63.814815
1, 67.066667
1, 67.000000
1, 69.071429
1, 66.928571
1, 76.230769
1, 66.000000
1, 110.933333
1, 70.500000
1, 67.714286
1, 69.285714
1, 66.857143
1, 71.153846
1, 66.928571
1, 81.909091
1, 84.066667
1, 63.600000
1, 66.071429
1, 70.428571
1, 63.266667
1, 65.400000
1, 68.142857
1, 90.600000
1, 73.785714
1, 67.357143
1, 76.384615
1, 66.714286
1, 67.133333
1, 63.200000
1, 55.666667
1, 62.000000
1, 69.687500
1, 64.133333
1, 78.400000
1, 67.571429
1, 3.802469
1, 59.625000
1, 65.133333
1, 66.642857
1, 60.933333
1, 67.857143
1, 64.142857
1, 87.562500
1, 68.368421
1, 66.375000
1, 50.315789
1, 63.866667
1, 62.066667
1, 62.133333
1, 64.571429
1, 52.392857
1, 99.562500
1, 61.733333
1, 68.785714
1, 61.133333
1, 65.357143
1, 63.857143
1, 77.333333
1, 36.240000
1, 81.400000
1, 68.357143
1, 77.500000
1, 67.000000
1, 65.500000
1, 63.000000
1, 63.928571
1, 113.000000
1, 67.071429
1, 60.666667
1, 64.928571
1, 65.000000
1, 62.428571
1, 57.866667
1, 53.812500
1, 60.461538
1, 37.923077
1, 99.312500
1, 62.200000
1, 66.714286
1, 62.400000
1, 55.000000
1, 37.600000
1, 98.125000
1, 98.400000
1, 62.466667
1, 62.600000
1, 63.266667
1, 54.470588
1, 70.785714
1, 63.571429
1, 63.785714
1, 60.866667
1, 65.642857
1, 61.066667
1, 38.566667
1, 51.210526
1, 61.812500
1, 66.000000
1, 59.187500
1, 67.933333
1, 63.066667
1, 67.142857
1, 64.600000
1, 64.000000
1, 62.133333
1, 66.214286
1, 60.333333
1, 62.800000
1, 65.142857
1, 65.066667
1, 64.333333
1, 53.944444
1, 72.133333
1, 64.400000
1, 61.733333
1, 66.214286
1, 62.733333
1, 10.215909
1, 46.352941
1, 75.062500
1, 37.720000
1, 64.928571
1, 38.833333
1, 37.960000
1, 68.062500
1, 65.240000
1, 97.437500
1, 63.066667
1, 63.333333
1, 62.800000
1, 67.357143
1, 33.629630
1, 81.592593
1, 71.533333
1, 68.400000
1, 64.733333
1, 66.571429
1, 64.642857
1, 35.185185
1, 103.187500
1, 61.666667
1, 87.066667
1, 30.580645
1, 64.533333
1, 38.708333
1, 63.133333
1, 41.137931
1, 101.000000
1, 61.800000
1, 93.266667
1, 65.733333
1, 62.266667
1, 64.866667
1, 99.470588
1, 72.785714
1, 61.733333
1, 64.400000
1, 60.266667
1, 65.500000
1, 64.642857
1, 66.571429
1, 69.615385
1, 65.214286
1, 70.750000
1, 74.928571
1, 64.071429
1, 67.200000
1, 62.428571
1, 61.857143
1, 63.928571
1, 68.071429
1, 66.857143
1, 61.866667
1, 60.800000
1, 65.642857
1, 66.928571
1, 67.923077
1, 69.230769
1, 61.533333
1, 95.750000
1, 78.533333
1, 62.466667
1, 34.555556
1, 61.133333
1, 58.733333
1, 49.040000
1, 62.066667
1, 65.500000
1, 81.400000
1, 65.000000
1, 78.066667
1, 63.133333
1, 55.764706
1, 68.000000
1, 66.285714
1, 81.437500
1, 64.866667
1, 65.642857
1, 98.800000
1, 59.400000
1, 72.933333
1, 3.381818
1, 68.066667
1, 59.933333
1, 65.571429
1, 58.562500
1, 55.588235
1, 61.875000
1, 62.800000
1, 61.800000
1, 66.466667
1, 58.125000
1, 68.000000
1, 71.375000
1, 62.705882
1, 62.266667
1, 65.500000
1, 28.818182
1, 38.280000
1, 70.400000
1, 39.730769
1, 105.933333
1, 63.600000
1, 69.071429
1, 61.800000
1, 62.866667
1, 65.428571
1, 68.714286
1, 86.210526
1, 68.133333
1, 64.266667
1, 60.800000
1, 60.466667
1, 65.928571
1, 66.428571
1, 72.714286
1, 123.800000
1, 70.142857
1, 65.066667
1, 65.666667
1, 66.571429
1, 67.000000
1, 65.866667
1, 64.407407
1, 85.266667
1, 120.187500
1, 62.466667
1, 62.266667
1, 59.666667
1, 30.000000
1, 25.560000
1, 63.666667
1, 64.266667
1, 65.800000
1, 62.800000
1, 71.571429
1, 66.357143
1, 63.750000
1, 64.333333
1, 65.428571
1, 67.500000
1, 67.000000
1, 9.617021
1, 59.600000
1, 61.466667
1, 65.928571
1, 56.904762
1, 98.125000
1, 66.600000
1, 62.800000
1, 67.500000
1, 76.600000
1, 63.266667
1, 64.400000
1, 64.066667
1, 44.555556
1, 73.357143
1, 100.000000
1, 54.833333
1, 74.857143
1, 64.066667
1, 67.285714
1, 69.500000
1, 99.714286
1, 66.285714
1, 42.621622
1, 68.333333
1, 66.266667
1, 62.000000
1, 68.230769
1, 88.000000
1, 60.466667
1, 31.964286
1, 76.133333
1, 60.000000
1, 66.214286
1, 68.923077
1, 67.000000
1, 103.533333
1, 63.000000
1, 72.222222
1, 60.733333
1, 64.928571
1, 66.214286
1, 79.312500
1, 84.466667
1, 56.687500
1, 89.000000
1, 75.071429
1, 64.266667
1, 70.214286
1, 66.857143
1, 89.666667
1, 64.333333
1, 49.025000
1, 84.600000
1, 59.625000
1, 65.000000
1, 65.714286
1, 66.285714
1, 61.666667
1, 59.285714
1, 84.062500
1, 85.000000
1, 63.066667
1, 62.785714
1, 63.214286
1, 61.200000
1, 54.280000
1, 56.538462
1, 61.750000
1, 61.933333
1, 69.285714
1, 65.066667
1, 61.800000
1, 103.200000
1, 70.125000
1, 61.733333
1, 62.866667
1, 68.642857
1, 64.285714
1, 65.466667
1, 57.250000
1, 96.437500
1, 62.400000
1, 88.600000
1, 62.400000
1, 64.428571
1, 56.058824
1, 73.800000
1, 65.466667
1, 83.625000
1, 77.062500
1, 100.062500
1, 63.187500
1, 47.350000
1, 63.466667
1, 34.518519
1, 19.320988
1, 66.423077
1, 37.766667
1, 68.687500
1, 64.200000
1, 66.600000
1, 64.000000
1, 62.000000
1, 63.933333
1, 100.320000
1, 71.250000
1, 65.200000
1, 59.625000
1, 65.133333
1, 40.666667
1, 98.470588
1, 69.000000
1, 94.875000
1, 69.666667
1, 60.000000
1, 64.562500
1, 55.928571
1, 63.518519
1, 98.500000
1, 59.812500
1, 61.062500
1, 66.333333
1, 68.733333
1, 7.560606
1, 66.933333
1, 67.928571
1, 63.866667
1, 72.714286
1, 64.000000
1, 65.533333
1, 76.066667
1, 53.526316
1, 48.200000
1, 64.800000
1, 65.470588
1, 59.705882
1, 67.400000
1, 65.562500
1, 67.000000
1, 78.000000
1, 68.500000
1, 65.800000
1, 59.187500
1, 61.933333
1, 64.933333
1, 68.466667
1, 67.133333
1, 66.333333
1, 70.071429
1, 67.000000
1, 64.666667
1, 65.600000
1, 66.466667
1, 66.666667
1, 68.066667
1, 66.000000
1, 84.266667
1, 64.466667
1, 61.266667
1, 60.250000
1, 34.185185
1, 76.375000
1, 62.533333
1, 64.785714
1, 48.862069
1, 100.941176
1, 54.437500
1, 42.666667
1, 69.266667
1, 69.000000
1, 65.400000
1, 64.400000
1, 93.625000
1, 33.033333
1, 122.705882
1, 61.375000
1, 64.866667
1, 58.250000
1, 65.933333
1, 11.051546
1, 103.250000
1, 34.482759
1, 54.322581
1, 56.333333
1, 100.312500
1, 135.677419
1, 2.101099
1, 71.875000
1, 97.666667
1, 64.411765
1, 60.722222
1, 51.656250
1, 94.722222
1, 64.882353
1, 65.823529
1, 58.105263
1, 65.823529
1, 84.837838
1, 110.555556
1, 51.681818
1, 63.117647
1, 69.625000
1, 67.937500
1, 63.437500
1, 64.882353
1, 66.000000
1, 63.941176
1, 74.421053
1, 65.235294
1, 64.062500
1, 67.000000
1, 65.062500
1, 71.933333
1, 44.781250
1, 80.812500
1, 59.411765
1, 62.625000
1, 66.533333
1, 69.066667
1, 85.862069
1, 70.250000
1, 34.633333
1, 109.764706
1, 68.562500
1, 72.588235
1, 70.176471
1, 65.875000
1, 109.222222
1, 71.933333
1, 46.619048
1, 37.727273
1, 63.892857
1, 24.689189
1, 79.875000
1, 68.400000
1, 62.812500
1, 59.117647
1, 32.200000
1, 70.647059
1, 60.875000
1, 67.533333
1, 62.062500
1, 67.266667
1, 67.000000
1, 52.294118
1, 104.187500
1, 62.875000
1, 64.875000
1, 64.866667
1, 62.529412
1, 45.586207
1, 63.937500
1, 59.875000
1, 83.875000
1, 66.437500
1, 73.764706
1, 87.625000
1, 69.687500
1, 57.647059
1, 62.687500
1, 79.533333
1, 70.437500
1, 67.466667
1, 45.391304
1, 71.375000
1, 63.750000
1, 48.857143
1, 75.266667
1, 72.933333
1, 56.764706
1, 38.206897
1, 77.375000
1, 63.500000
1, 58.722222
1, 64.733333
1, 26.542857
1, 109.312500
1, 66.000000
1, 69.785714
1, 62.562500
1, 65.133333
1, 64.750000
1, 33.866667
1, 44.290323
1, 84.066667
1, 65.200000
1, 62.000000
1, 68.266667
1, 67.533333
1, 47.857143
1, 74.666667
1, 81.200000
1, 67.066667
1, 77.812500
1, 62.125000
1, 61.937500
1, 63.437500
1, 68.600000
1, 59.562500
1, 91.062500
1, 60.375000
1, 67.187500
1, 7.715385
1, 64.133333
1, 69.333333
1, 66.714286
1, 68.428571
1, 59.750000
1, 68.428571
1, 68.214286
1, 35.555556
1, 93.437500
1, 65.066667
1, 64.133333
1, 69.571429
1, 67.857143
1, 68.285714
1, 32.344828
1, 74.312500
1, 83.866667
1, 58.500000
1, 63.400000
1, 63.200000
1, 64.533333
1, 61.266667
1, 62.466667
1, 77.625000
1, 64.200000
1, 62.666667
1, 74.812500
1, 61.600000
1, 62.133333
1, 66.500000
1, 65.600000
1, 67.642857
1, 75.312500
1, 63.533333
1, 69.642857
1, 67.642857
1, 62.066667
1, 67.357143
1, 51.869565
1, 104.133333
1, 70.214286
1, 68.400000
1, 64.133333
1, 66.466667
1, 61.866667
1, 67.666667
1, 66.214286
1, 36.269231
1, 66.000000
1, 62.733333
1, 92.250000
1, 63.562500
1, 69.133333
1, 71.785714
1, 51.892857
1, 95.266667
1, 65.466667
1, 62.125000
1, 64.133333
1, 65.666667
1, 63.466667
1, 69.142857
1, 112.600000
1, 58.937500
1, 63.600000
1, 90.687500
1, 67.000000
1, 62.066667
1, 67.866667
1, 63.666667
1, 72.857143
1, 60.533333
1, 93.000000
1, 43.652174
1, 64.200000
1, 69.571429
1, 62.866667
1, 65.785714
10, 83.106870
10, 40.726872
10, 92.206107
10, 83.024390
10, 24.895631
10, 74.314516
10, 89.940741
10, 81.960000
10, 70.361538
10, 79.756098
10, 78.357724
10, 73.630252
10, 74.308333
10, 72.495798
10, 77.304000
10, 75.752000
10, 70.960265
10, 72.645161
10, 75.403226
10, 45.663212
10, 69.132812
10, 89.151261
10, 84.296610
10, 73.880342
10, 80.087302
10, 57.196078
10, 77.941667
10, 22.829876
10, 66.521429
10, 72.966667
10, 77.697479
10, 73.144068
10, 83.454545
10, 92.025424
10, 73.850000
10, 87.125000
10, 78.216667
10, 73.932203
10, 77.491803
10, 60.254902
10, 76.625000
10, 97.541985
10, 92.235294
10, 77.920635
10, 73.584746
10, 82.566667
10, 63.833333
10, 89.611570
10, 76.653226
10, 61.467626
10, 73.355932
10, 60.863014
10, 73.330508
10, 64.919708
10, 71.808333
10, 82.443548
10, 80.016129
10, 42.178899
10, 79.848739
10, 97.764228
10, 40.476000
10, 87.056452
10, 86.015152
10, 89.269231
10, 39.186722
10, 74.446154
10, 68.242857
10, 48.776042
10, 78.576923
10, 78.689922
10, 71.575758
10, 39.957983
10, 68.818792
10, 82.969466
10, 32.978947
10, 79.923077
10, 89.669231
10, 72.503876
10, 68.852941
10, 72.515625
10, 71.328125
10, 84.062016
10, 80.030303
10, 79.182540
10, 83.856000
10, 76.351145
10, 55.336493
10, 75.171429
10, 74.352518
10, 75.744186
10, 67.721088
10, 73.224806
10, 71.392308
10, 69.321168
10, 73.078125
10, 75.267717
10, 81.546875
10, 49.349462
10, 74.179688
10, 85.531250
10, 71.584615
10, 88.093023
10, 87.406250
10, 73.625000
10, 77.867188
10, 73.640625
10, 77.593750
10, 78.093023
10, 84.676923
10, 82.000000
10, 73.472000
10, 71.271429
10, 91.923664
10, 72.728682
10, 74.063492
10, 74.125000
10, 59.343949
10, 71.523077
10, 73.503937
10, 71.569231
10, 72.117188
10, 78.172414
10, 40.175214
10, 72.666667
10, 76.206107
10, 69.992593
10, 72.615385
10, 62.313725
10, 41.982379
10, 73.863309
10, 95.700787
10, 54.328767
10, 74.410448
10, 67.520548
10, 70.392593
10, 85.932836
10, 30.291793
10, 73.090278
10, 84.511278
10, 46.928000
10, 41.771186
10, 88.554745
10, 82.139535
10, 87.945312
10, 18.877477
10, 70.476821
10, 96.037594
10, 71.866667
10, 73.759398
10, 64.710345
10, 67.144737
10, 71.000000
10, 70.932836
10, 78.192000
10, 62.646259
10, 68.627907
10, 73.598425
10, 81.706294
10, 75.023438
10, 61.406667
10, 81.910569
10, 59.040268
10, 78.984615
10, 42.469565
10, 72.433333
10, 93.818182
10, 80.528926
10, 82.462185
10, 69.113821
10, 51.815789
10, 43.778846
10, 100.896825
10, 81.741935
10, 71.590164
10, 79.422764
10, 94.921260
10, 42.940092
10, 24.624454
10, 103.173913
10, 71.714286
10, 78.829630
10, 60.606452
10, 61.660131
10, 74.811024
10, 71.717742
10, 71.078740
10, 71.382812
10, 55.515528
10, 77.827869
10, 24.576316
10, 62.611111
10, 105.463415
10, 49.284483
10, 89.157895
10, 98.604478
10, 43.216346
10, 83.642857
10, 88.931818
10, 64.653061
10, 125.294118
10, 62.371069
10, 49.909483
10, 96.820896
10, 44.372093
10, 89.683908
10, 70.842105
10, 76.637037
10, 46.356164
10, 72.302326
10, 84.085271
10, 60.074419
10, 46.439815
10, 112.451613
10, 56.272152
10, 66.712230
10, 65.301471
10, 91.198413
10, 79.740157
10, 91.968750
10, 63.134969
10, 63.066667
10, 73.181102
10, 35.621094
10, 63.845411
10, 73.507937
10, 44.502326
10, 72.186047
10, 94.484615
10, 14.196594
10, 89.701613
10, 87.176000
10, 73.430894
10, 75.516393
10, 82.373016
10, 73.190476
10, 73.107843
10, 67.221198
10, 63.300493
10, 74.322581
10, 79.960317
10, 73.809524
10, 93.910569
10, 57.004926
10, 47.262136
10, 66.664234
10, 55.185185
10, 44.960000
10, 74.868966
10, 97.187500
10, 51.791489
10, 51.057269
10, 109.053435
10, 117.519380
10, 73.146154
10, 71.877863
10, 85.512821
10, 74.864000
10, 76.719697
10, 45.714286
10, 77.336000
10, 75.858268
10, 75.805970
10, 72.912000
10, 88.473684
10, 83.319149
10, 70.625000
10, 82.238095
10, 76.312000
10, 78.526718
10, 71.484127
10, 74.534351
10, 29.464497
10, 69.931034
10, 62.706140
10, 108.809524
10, 23.077253
10, 90.083969
10, 72.784615
10, 82.734375
10, 79.567164
10, 49.916667
10, 70.106977
10, 73.022901
10, 73.726562
10, 72.532895
10, 50.443850
10, 110.895161
10, 73.273438
10, 63.198675
10, 72.115385
10, 45.873874
10, 92.984962
10, 79.299270
10, 74.250000
10, 83.162791
10, 87.407692
10, 38.614815
10, 88.884615
10, 95.753846
10, 76.395349
10, 80.793893
10, 69.554688
10, 70.023256
10, 60.148649
10, 69.080000
10, 72.039683
10, 70.878049
10, 73.737288
10, 70.241379
10, 64.358779
10, 71.974790
10, 70.542373
10, 98.608696
10, 52.390000
10, 62.046154
10, 53.740260
10, 49.376884
10, 84.889764
10, 72.593496
10, 71.709677
10, 70.983193
10, 70.203390
10, 55.397436
10, 72.268908
10, 63.383459
10, 70.371681
10, 71.000000
10, 41.049505
10, 66.532258
10, 88.460870
10, 68.756522
10, 79.336207
10, 63.104839
10, 79.596491
10, 65.572581
10, 70.423423
10, 57.434783
10, 69.130435
10, 59.443609
10, 69.973913
10, 69.858407
10, 71.455357
10, 67.232143
10, 68.288288
10, 59.290076
10, 64.939655
10, 82.000000
10, 69.384000
10, 76.226087
10, 80.446281
10, 58.844156
10, 69.373016
10, 86.384000
10, 72.203252
10, 71.169492
10, 68.876923
10, 69.608333
10, 70.176471
10, 73.606557
10, 69.389831
10, 73.240602
10, 70.016807
10, 77.883333
10, 67.431818
10, 63.507576
10, 72.216667
10, 100.457627
10, 69.913043
10, 84.821138
10, 36.699153
10, 72.831858
10, 101.033058
10, 34.333333
10, 73.644068
10, 70.491667
10, 68.016667
10, 58.857143
10, 65.578512
10, 74.822034
10, 70.288136
10, 70.116667
10, 82.150000
10, 74.035398
10, 73.877193
10, 41.628713
10, 67.340741
10, 87.378151
10, 22.204244
10, 77.283186
10, 93.792793
10, 66.865079
10, 75.058824
10, 90.862069
10, 74.677966
10, 74.186047
10, 77.521008
10, 68.368000
10, 44.857143
10, 78.102564
10, 58.609375
10, 76.731092
10, 75.967213
10, 73.264000
10, 49.028986
10, 95.198413
10, 46.442308
10, 82.472000
10, 71.891304
10, 85.883721
10, 71.945312
10, 68.457746
10, 80.629921
10, 74.099174
10, 77.363636
10, 45.057971
10, 75.250000
10, 70.185714
10, 43.985507
10, 80.478261
10, 73.591667
10, 71.491667
10, 74.321739
10, 75.165217
10, 59.226950
10, 73.444444
10, 76.342105
10, 84.181034
10, 54.917874
10, 74.207729
10, 98.909091
10, 71.109375
10, 78.119403
10, 75.945313
10, 72.832000
10, 56.385093
10, 73.992063
10, 74.632000
10, 74.483871
10, 71.850394
10, 70.328125
10, 42.847926
10, 73.968000
10, 49.008772
10, 51.073684
10, 73.190083
10, 76.105691
10, 64.358621
10, 72.533333
10, 53.279070
10, 101.438017
10, 74.625000
10, 78.446281
10, 83.176000
10, 69.312500
10, 71.917808
10, 77.923729
10, 73.298246
10, 78.703390
10, 48.183908
10, 80.205128
10, 79.275862
10, 38.623853
10, 87.026087
10, 70.533898
10, 67.679688
10, 86.820513
10, 71.813559
10, 62.034014
10, 81.850000
10, 72.452174
10, 77.260870
10, 72.379310
10, 75.634783
10, 72.847458
10, 72.630252
10, 72.475000
10, 71.974359
10, 77.625000
10, 65.579710
10, 42.537736
10, 86.335938
10, 71.165563
10, 63.753521
10, 82.774194
10, 72.036232
10, 70.032000
10, 85.137097
10, 85.056000
10, 70.838710
10, 44.460396
10, 75.421488
10, 60.880000
10, 84.537815
10, 86.225000
10, 70.708333
10, 86.875000
10, 69.500000
10, 72.319328
10, 72.210084
10, 74.623932
10, 76.760331
10, 78.572650
10, 71.215517
10, 70.642336
10, 35.861472
10, 79.252174
10, 57.296296
10, 75.289256
10, 73.112069
10, 39.777778
10, 79.044248
10, 71.061538
10, 72.469565
10, 79.686957
10, 77.491525
10, 73.043860
10, 72.078261
10, 74.122807
10, 75.097345
10, 74.318584
10, 73.448276
10, 88.603604
10, 99.826087
10, 62.338346
10, 97.159664
10, 59.467337
10, 83.372881
10, 71.831933
10, 72.466102
10, 67.536000
10, 65.186567
10, 68.411290
10, 72.256410
10, 66.944000
10, 70.606838
10, 52.662791
10, 63.119403
10, 91.266667
10, 65.140741
10, 73.381356
10, 83.369748
10, 72.918033
10, 72.008403
10, 72.566667
10, 62.065217
10, 84.083333
10, 66.006849
10, 80.856000
10, 75.056000
10, 87.241935
10, 78.388889
10, 72.241935
10, 77.390977
10, 72.233871
10, 83.733871
10, 71.016000
10, 73.059322
10, 62.500000
10, 71.369748
10, 73.420168
10, 75.308333
10, 70.100000
10, 92.144068
10, 54.941176
10, 71.838983
10, 73.475000
10, 70.864407
10, 81.949153
10, 87.554622
10, 77.427273
10, 89.833333
10, 71.770492
10, 68.548387
10, 77.990991
10, 73.627273
10, 76.275229
10, 67.827869
10, 71.408000
10, 75.919643
10, 55.418919
10, 66.248062
10, 32.948819
10, 73.258621
10, 73.161017
10, 64.584615
10, 74.363636
10, 68.427350
10, 73.666667
10, 40.383886
10, 86.739496
10, 85.342105
10, 72.465517
10, 95.093023
10, 102.042017
10, 92.872000
10, 67.345588
10, 73.264000
10, 77.114754
10, 77.170940
10, 67.191176
10, 70.074627
10, 67.132353
10, 87.384615
10, 88.060150
10, 51.903226
10, 82.489362
10, 81.045113
10, 73.137405
10, 76.920635
10, 78.373016
10, 69.385185
10, 75.081301
10, 68.659259
10, 34.719368
10, 72.954198
10, 69.860140
10, 61.559441
10, 99.733333
10, 96.076923
10, 103.415254
10, 26.640483
10, 71.656250
10, 73.175000
10, 42.124402
10, 75.436975
10, 78.508333
10, 74.500000
10, 87.045802
10, 83.766667
10, 73.634146
10, 72.867188
10, 79.640000
10, 71.976563
10, 84.112000
10, 83.293651
10, 78.547619
10, 73.365079
10, 37.190283
10, 75.088710
10, 76.864000
10, 74.943089
10, 41.009050
10, 75.336000
10, 72.520000
10, 75.816667
10, 77.741667
10, 86.925000
10, 72.825000
10, 74.554622
10, 72.725000
10, 84.450000
10, 72.655462
10, 72.881356
10, 72.974790
10, 73.115702
10, 72.733333
10, 85.050420
10, 48.602941
10, 40.032727
10, 96.338983
10, 111.115385
10, 43.979920
10, 87.067164
10, 76.170213
10, 86.097902
10, 72.727273
10, 79.968944
10, 86.106383
10, 46.569444
10, 117.047297
10, 84.238411
10, 46.145985
10, 57.481283
10, 48.668919
10, 84.075269
10, 75.161074
10, 69.454545
10, 83.378205
10, 81.878378
10, 32.118541
10, 74.993243
10, 75.217687
10, 74.850340
10, 72.119718
10, 62.993902
10, 79.063291
10, 81.857143
10, 76.278146
10, 61.551546
10, 95.321918
10, 74.612676
10, 73.079137
10, 101.211268
10, 28.395095
10, 72.866197
10, 86.659574
10, 70.175676
10, 72.774648
10, 71.211268
10, 36.927007
10, 76.103704
10, 69.897810
10, 69.790850
10, 84.455224
10, 73.307692
10, 72.705426
10, 89.108527
10, 76.861111
10, 76.072581
10, 74.387097
10, 80.496063
10, 74.169355
10, 90.065041
10, 81.707317
10, 44.905941
10, 73.323944
10, 77.064000
10, 72.965753
10, 103.903704
10, 71.769231
10, 78.803030
10, 105.781955
10, 72.488889
10, 71.684211
10, 76.959184
10, 22.936585
10, 78.921875
10, 68.429577
10, 71.992000
10, 74.450820
10, 58.616352
10, 71.629032
10, 49.480952
10, 79.065041
10, 105.551181
10, 34.992537
10, 83.800000
10, 54.985782
10, 35.863636
10, 75.925373
10, 78.200000
10, 80.411765
10, 64.625850
10, 72.634328
10, 74.156716
10, 72.496124
10, 85.224806
10, 30.452785
10, 13.135354
10, 27.770833
10, 86.494737
10, 121.960265
10, 98.635135
10, 85.058140
10, 107.936306
10, 73.986667
10, 72.557823
10, 82.544218
10, 43.230159
10, 90.048951
10, 70.106383
10, 70.191489
10, 62.675325
10, 61.414013
10, 75.207407
10, 67.919708
10, 80.466667
10, 55.191489
10, 73.861751
10, 69.303030
10, 72.488550
10, 77.062500
10, 41.408257
10, 71.007874
10, 82.908397
10, 99.930769
10, 54.423729
10, 65.386454
10, 53.275081
10, 67.949580
10, 60.468750
10, 106.602941
10, 89.801471
10, 57.674528
10, 69.664179
10, 78.666667
10, 90.940741
10, 69.597015
10, 75.496350
10, 83.740741
10, 64.256944
10, 69.744186
10, 73.761538
10, 78.265152
10, 67.287879
10, 75.198473
10, 40.342222
10, 71.093525
10, 90.776923
10, 51.256757
10, 68.118519
10, 71.748201
10, 69.581395
10, 69.106870
10, 72.016129
10, 52.803468
10, 70.382114
10, 81.536000
10, 30.901754
10, 73.561538
10, 88.729323
10, 42.861004
10, 74.107692
10, 73.046154
10, 63.378882
10, 52.118280
10, 75.189394
10, 71.379845
10, 46.133621
10, 74.178862
10, 69.032000
10, 70.577236
10, 70.296000
10, 68.613636
10, 70.658537
10, 63.376812
10, 72.333333
10, 73.822034
10, 75.168067
10, 31.686347
10, 74.193548
10, 68.464000
10, 69.406504
10, 80.696721
10, 67.945312
10, 72.483607
10, 34.614786
10, 68.810606
10, 69.000000
10, 69.837398
10, 68.055118
10, 55.089820
10, 71.387097
10, 88.042735
10, 68.747967
10, 72.848739
10, 111.600000
10, 53.023697
10, 97.554688
10, 70.488550
10, 71.612403
10, 69.734375
10, 69.712000
10, 69.294118
10, 66.511278
10, 70.370968
10, 71.557377
10, 73.634921
10, 86.696000
10, 45.953368
10, 83.822034
10, 70.936000
10, 72.764706
10, 65.422819
10, 69.548872
10, 75.453782
10, 89.050000
10, 77.285714
10, 42.314286
10, 84.756098
10, 74.663866
10, 70.144068
10, 81.899225
10, 78.595041
10, 70.785124
10, 88.806723
10, 27.022876
10, 71.146341
10, 87.170940
10, 25.645062
10, 78.361345
10, 77.041667
10, 63.962963
10, 75.440678
10, 76.775000
10, 70.669492
10, 72.915254
10, 71.833333
10, 72.084746
10, 74.655172
10, 77.243697
10, 78.825000
10, 72.561404
10, 70.824427
10, 72.044248
10, 59.751825
10, 73.737288
10, 77.948276
10, 64.860294
10, 74.600000
10, 68.877049
10, 71.479339
10, 70.686957
10, 71.798246
10, 38.696078
10, 64.625954
10, 41.076613
10, 36.651452
10, 101.080645
10, 94.622222
10, 53.085427
10, 75.604839
10, 74.046512
10, 75.773438
10, 74.007752
10, 75.427419
10, 84.104000
10, 22.057831
10, 74.200000
10, 88.266129
10, 78.217742
10, 84.274194
10, 115.782946
10, 91.992537
10, 78.392593
10, 42.743697
10, 77.153285
10, 75.229630
10, 58.528846
10, 105.788321
10, 39.104651
10, 78.616541
10, 79.577778
10, 76.088889
10, 54.841530
10, 77.416667
10, 111.588235
10, 75.155556
10, 73.688889
10, 75.396947
10, 85.686131
10, 74.218978
10, 59.620536
10, 75.558824
10, 73.471014
10, 74.742424
10, 75.299213
10, 78.837209
10, 100.753846
10, 106.264706
10, 121.594203
10, 96.972826
10, 99.741935
10, 69.267045
10, 94.863014
10, 82.960265
10, 75.292517
10, 76.409396
10, 82.920000
10, 81.891892
10, 75.478528
10, 85.321429
10, 57.813433
10, 75.152318
10, 76.900000
10, 74.679739
10, 72.289474
10, 73.364780
10, 38.021429
10, 81.178571
10, 69.496815
10, 89.106667
10, 78.572368
10, 69.560241
10, 74.079470
10, 80.598639
10, 83.361702
10, 72.595890
10, 77.044444
10, 75.036765
10, 82.000000
10, 75.886364
10, 85.388889
10, 72.374150
10, 74.081967
10, 73.899160
10, 74.823529
10, 66.600000
10, 77.762712
10, 85.625000
10, 73.692308
10, 88.356522
10, 81.000000
10, 76.408696
10, 62.028571
10, 38.802752
10, 90.236364
10, 89.504505
10, 75.220183
10, 91.207207
100, 82.537674
100, 81.689034
100, 75.598738
100, 77.886343
100, 69.963710
100, 81.237776
100, 80.082613
100, 76.068223
100, 76.982222
100, 69.909717
100, 81.356453
100, 82.286777
100, 73.462075
100, 76.810185
100, 78.548539
100, 48.115451
100, 42.605000
100, 76.931291
100, 77.480730
100, 69.381043
100, 74.635659
100, 75.911702
100, 73.199332
100, 72.920225
100, 69.078307
100, 72.340935
100, 63.391393
100, 73.059096
100, 66.862250
100, 74.199309
100, 79.429074
100, 74.507229
100, 49.944319
100, 77.258896
100, 76.414720
100, 72.701714
100, 39.923858
100, 67.811752
100, 25.115400
100, 74.117716
100, 36.930180
100, 75.515991
100, 72.833693
100, 78.837806
100, 73.028377
100, 72.477560
100, 61.995265
100, 73.880048
100, 79.168182
100, 76.824519
100, 88.676108
100, 86.443069
100, 74.748408
100, 80.094451
100, 79.777520
100, 80.362573
100, 81.156177
100, 78.358722
100, 81.352459
100, 73.165345
100, 76.637778
100, 86.149038
100, 77.078824
100, 75.505288
100, 77.700234
100, 77.360885
100, 68.517280
100, 72.084270
100, 75.269976
100, 71.150470
100, 75.245763
100, 72.530106
100, 69.591629
100, 74.838188
100, 69.864461
100, 74.186152
100, 75.525656
100, 72.736905
100, 58.313761
100, 72.748352
100, 74.314856
100, 77.312791
100, 73.624284
100, 75.585799
100, 75.764246
100, 77.436768
100, 71.102397
100, 76.658080
100, 75.485939
100, 73.934857
100, 76.976690
100, 71.255249
100, 70.986942
100, 59.465116
100, 72.114486
100, 67.434418
100, 76.848812
100, 66.955487
100, 76.369718
100, 71.450286
100, 71.515873
100, 62.227228
100, 70.080338
100, 69.863636
100, 72.535673
100, 70.325431
100, 73.801670
100, 71.505353
100, 74.110731
100, 73.920507
100, 47.680851
100, 76.783234
100, 73.931429
100, 75.652989
100, 57.908582
100, 73.648618
100, 62.777014
100, 76.832530
100, 64.558586
100, 67.496753
100, 32.312127
100, 58.920737
100, 74.198675
100, 76.629501
100, 78.168618
100, 76.856805
100, 77.190643
100, 66.903749
100, 77.029197
100, 80.534714
100, 83.870968
100, 72.793706
100, 81.315852
100, 64.773267
100, 81.541866
100, 75.218268
100, 77.876457
100, 76.079162
100, 72.352525
100, 74.707415
100, 77.367391
100, 78.514156
100, 82.960000
100, 74.923445
100, 72.095182
100, 74.008102
100, 70.416484
100, 77.048975
100, 73.684272
100, 79.047114
100, 71.619479
100, 72.546943
100, 67.645596
100, 77.466891
100, 67.193909
100, 76.532887
100, 73.853958
100, 76.341121
100, 75.880496
100, 76.599764
100, 78.585749
100, 73.699774
100, 62.486230
100, 76.208238
100, 75.593822
100, 77.675000
100, 36.880000
100, 81.223714
100, 75.352518
100, 80.626149
100, 76.617131
100, 78.714773
100, 76.891830
100, 78.145959
100, 79.330549
100, 79.153110
100, 65.848790
100, 81.248439
100, 61.063851
100, 79.752358
100, 77.840308
100, 73.613953
100, 75.385071
100, 74.527650
100, 73.496599
100, 77.473684
100, 74.847518
100, 73.829638
100, 75.936047
100, 67.152508
100, 73.279720
100, 58.244240
100, 76.599062
100, 72.957373
100, 67.070899
100, 77.424058
100, 76.137209
100, 58.308311
100, 65.606918
100, 77.080292
100, 66.817714
100, 76.512338
100, 84.352081
100, 76.459112
100, 74.119955
100, 72.263398
100, 76.114416
100, 62.049900
100, 79.891509
100, 77.810945
100, 71.249119
100, 71.791618
100, 67.399384
100, 75.213497
100, 75.564748
100, 63.433071
100, 72.396181
100, 80.078788
100, 73.411628
100, 74.699531
100, 41.660574
100, 71.434590
100, 51.619718
100, 76.139535
100, 53.269293
100, 75.249127
100, 78.162431
100, 75.791027
100, 64.513706
100, 83.905473
100, 80.581886
100, 74.182195
100, 73.432044
100, 78.865654
100, 76.205538
100, 76.934211
100, 74.461283
100, 75.660022
100, 61.663957
100, 75.046458
100, 70.358376
100, 77.384350
100, 74.219269
100, 77.743848
100, 74.785794
100, 86.804270
100, 75.998833
100, 78.709786
100, 77.888214
100, 77.177592
100, 79.123369
100, 77.558857
100, 80.217553
100, 76.088940
100, 76.072464
100, 85.105198
100, 79.519417
100, 73.649022
100, 76.246973
100, 75.880233
100, 76.331382
100, 71.188196
100, 79.380110
100, 78.548246
100, 72.357942
100, 64.880995
100, 75.245342
100, 73.720905
100, 74.925223
100, 76.343891
100, 72.688940
100, 81.757109
100, 73.990396
100, 78.683237
100, 79.251816
100, 82.460808
100, 75.336075
100, 73.825784
100, 76.665116
100, 73.058140
100, 62.043435
100, 74.640821
100, 78.745902
100, 44.932665
100, 78.347138
100, 46.397695
100, 78.853746
100, 78.050292
100, 76.905814
100, 76.301163
100, 79.077103
100, 74.632420
100, 73.711670
100, 75.342889
100, 71.859375
100, 78.561772
100, 77.157330
100, 70.601053
100, 77.884089
100, 78.901345
100, 85.186882
100, 68.169246
100, 73.724284
100, 71.230000
100, 83.428152
100, 71.317213
100, 74.674897
100, 74.484043
100, 72.965953
100, 78.094235
100, 73.584807
100, 74.461894
100, 67.650924
100, 71.950658
100, 75.610390
100, 73.976526
100, 69.324748
100, 76.274600
100, 68.996750
100, 76.289655
100, 71.891164
100, 72.744456
100, 73.789298
100, 66.486430
100, 73.709605
100, 66.900628
100, 73.451912
100, 77.178738
100, 79.851178
100, 73.493989
100, 79.350711
100, 73.430605
100, 78.445532
100, 53.623151
100, 76.686806
100, 74.586121
100, 69.816262
100, 75.346247
100, 74.504728
100, 73.719647
100, 75.906286
100, 61.441433
100, 83.604595
100, 73.014493
100, 64.011044
100, 77.540603
100, 74.802326
100, 73.289183
100, 73.075107
100, 66.617861
100, 75.862269
100, 75.279042
100, 73.310465
100, 73.135955
100, 77.376639
100, 76.184874
100, 52.696119
100, 75.616533
100, 74.738286
100, 77.241955
100, 56.154899
100, 84.161321
100, 77.451309
100, 74.952486
100, 74.635864
100, 61.362021
100, 75.217845
100, 69.389597
100, 76.571267
100, 76.363741
100, 80.090803
100, 73.701632
100, 80.463835
100, 75.915764
100, 77.790518
100, 65.503158
100, 25.636812
100, 53.868484
100, 75.281909
100, 71.522876
100, 73.070455
100, 73.102109
100, 72.897186
100, 78.534444
100, 70.861668
100, 64.646330
100, 78.608235
100, 74.849718
100, 75.900565
100, 69.956763
100, 49.687646
100, 72.110403
100, 70.160156
100, 80.082192
100, 73.989910
100, 76.868145
100, 74.173318
100, 74.447099
100, 77.675386
100, 76.563482
100, 55.606115
100, 78.732311
100, 73.182638
100, 68.675281
100, 47.017100
100, 53.366465
100, 71.632184
100, 72.029851
100, 68.345898
100, 80.357968
100, 70.206621
100, 55.436057
100, 73.854237
100, 70.381862
100, 56.166048
100, 79.391600
100, 67.559433
100, 73.104215
100, 75.781324
100, 68.964680
100, 70.205100
100, 71.554098
100, 76.328217
100, 73.989571
100, 71.838675
100, 74.961039
100, 69.389241
100, 72.998841
100, 79.215367
100, 76.120192
100, 74.644144
100, 71.773563
100, 71.798483
100, 77.801402
100, 77.812135
100, 55.151092
100, 76.251986
100, 75.262980
100, 78.364596
100, 77.368728
100, 73.665541
100, 70.920910
100, 71.116977
100, 76.612128
100, 80.458525
100, 81.459207
100, 75.460850
100, 73.249127
100, 72.470652
100, 76.847904
100, 75.574179
100, 73.458621
100, 79.411897
100, 79.839168
100, 78.038106
100, 73.386697
100, 78.142418
100, 76.897826
100, 78.096811
100, 67.815707
100, 72.788183
100, 43.242000
100, 78.705814
100, 66.283644
100, 75.202222
100, 73.642776
100, 73.978409
100, 75.732789
100, 70.578595
100, 76.957569
100, 76.115789
100, 75.043023
100, 75.673611
100, 80.108447
100, 72.903262
100, 74.251462
100, 65.960765
100, 70.588167
100, 81.730310
100, 68.683864
100, 67.005525
100, 71.596372
100, 69.898749
100, 73.302326
100, 76.481956
100, 76.478992
100, 69.236784
100, 73.646714
100, 78.249139
100, 67.089522
100, 76.367914
100, 82.048443
100, 75.222222
100, 60.615970
100, 89.662893
100, 67.186192
100, 78.315917
100, 78.748510
100, 73.016648
100, 77.309842
100, 81.104389
100, 76.451651
100, 68.633788
100, 76.307416
100, 68.882536
100, 71.123570
100, 75.277011
100, 80.284890
100, 75.800000
100, 75.016374
100, 78.975834
100, 76.672289
100, 73.347156
100, 84.131288
100, 73.818486
100, 74.940435
100, 73.354949
100, 76.589535
100, 81.398851
100, 66.217300
100, 78.249433
100, 76.950441
100, 81.561201
100, 74.790323
100, 72.716535
100, 37.419954
100, 73.741840
100, 76.452787
100, 84.770156
100, 80.538835
100, 76.894919
100, 81.142689
100, 74.821348
100, 76.110048
100, 72.761800
100, 75.854167
100, 75.722807
100, 80.150766
100, 74.351831
100, 78.744431
100, 77.094361
100, 74.276023
100, 75.352747
100, 76.258661
100, 77.914994
100, 76.571429
100, 73.657895
100, 68.376471
100, 80.649939
100, 76.827506
100, 80.810976
100, 57.281335
100, 83.396807
100, 74.109605
100, 74.501636
100, 77.530340
100, 70.163158
100, 62.223796
100, 74.042973
100, 77.381182
100, 84.499387
100, 74.246871
100, 78.071346
100, 72.818287
100, 59.164408
100, 76.429594
100, 75.079290
100, 74.958968
100, 75.453089
100, 72.179342
100, 84.568293
100, 75.615385
100, 71.270588
100, 75.511432
100, 77.288439
100, 77.185093
100, 65.589124
100, 69.162870
100, 45.020994
100, 73.598870
100, 73.901221
100, 71.475000
100, 73.082207
100, 69.526427
100, 70.568345
100, 73.370824
100, 69.506369
100, 73.532584
100, 75.148023
100, 72.891986
100, 63.737166
100, 73.451537
100, 66.232836
100, 64.507812
100, 76.184422
100, 70.746085
100, 80.495283
100, 76.373481
100, 78.845794
100, 75.296128
100, 77.554513
100, 68.930714
100, 80.915394
100, 56.951980
100, 68.469045
100, 63.481553
100, 76.051253
100, 78.878394
100, 91.472637
100, 75.503623
100, 78.813348
100, 74.713789
100, 55.062092
100, 80.085612
100, 71.766595
100, 77.992991
100, 73.944835
100, 76.317673
100, 76.256983
100, 80.490826
100, 78.825434
100, 76.591566
100, 69.929696
100, 81.588523
100, 79.538089
100, 72.391068
100, 81.986747
100, 80.134276
100, 77.108265
100, 81.590184
100, 78.707022
100, 83.989738
100, 77.744851
100, 81.842353
100, 75.576525
100, 78.059497
100, 76.481056
100, 75.795322
100, 78.990373
100, 83.846707
100, 82.008578
100, 75.714628
100, 85.848117
100, 74.536782
100, 48.586384
100, 79.583432
100, 75.430699
100, 77.204857
100, 79.577011
100, 69.915868
100, 72.236510
100, 74.150502
100, 79.902761
100, 78.881720
100, 23.862646
100, 71.103795
100, 36.183836
100, 81.684335
100, 51.004608
100, 77.425000
100, 80.016787
100, 81.018405
100, 73.981796
100, 82.965144
100, 74.095499
100, 75.048733
100, 78.330726
100, 76.854711
100, 64.551081
100, 84.632754
100, 77.742389
100, 78.574939
100, 76.519666
100, 85.138790
100, 66.693009
100, 81.390476
100, 79.108518
100, 78.730769
100, 69.976242
100, 79.532294
100, 80.077537
100, 76.157480
100, 60.700280
100, 75.312429
100, 80.871239
100, 74.187500
100, 76.437863
100, 78.627545
100, 76.732627
100, 76.087062
100, 71.714889
100, 80.156502
100, 71.788210
100, 51.009471
100, 77.018161
100, 79.279429
100, 69.716886
100, 73.599287
100, 76.861613
100, 72.066595
100, 75.730123
100, 71.035204
100, 76.350181
100, 78.310508
100, 75.290948
100, 73.609058
100, 73.393285
100, 73.565865
100, 68.346076
100, 67.030568
100, 78.905855
100, 78.240175
100, 71.443593
100, 77.569087
100, 71.915062
100, 70.620541
100, 75.683237
100, 70.527251
100, 65.533951
100, 71.609674
100, 73.936916
100, 67.006608
100, 50.919672
100, 67.255521
100, 82.525935
100, 73.474556
100, 79.734644
100, 76.810878
100, 73.604819
100, 72.432084
100, 73.548881
100, 72.956213
100, 71.940476
100, 67.380224
100, 70.126033
100, 87.550044
100, 74.825319
100, 66.881474
100, 68.341772
100, 69.290868
100, 77.932886
100, 67.599777
100, 73.937571
100, 78.553102
100, 79.380298
100, 78.833145
100, 77.659574
100, 78.063404
100, 91.632479
100, 73.384872
100, 75.523375
100, 76.197354
100, 76.975890
100, 76.009217
100, 77.115925
100, 86.954545
100, 75.027907
100, 75.295325
100, 74.715286
100, 75.066015
100, 76.281673
100, 77.371930
100, 74.674576
100, 77.015719
100, 86.116105
100, 79.846803
100, 75.917735
100, 77.791765
100, 75.157355
100, 73.209166
100, 71.172452
100, 72.171296
100, 72.927991
100, 71.895906
100, 31.544677
100, 75.228635
100, 77.972389
100, 77.158404
100, 78.275695
100, 74.868794
100, 57.667582
100, 68.236693
100, 76.657811
100, 67.500984
100, 73.486239
100, 75.902523
100, 75.384350
100, 79.511737
100, 76.908985
100, 74.037427
100, 78.098964
100, 70.900789
100, 82.477086
100, 77.905276
100, 70.116230
100, 76.688448
100, 75.379673
100, 67.449275
100, 75.610302
100, 90.009081
100, 78.326484
100, 77.346546
100, 77.370720
100, 76.804373
100, 75.131792
100, 81.960511
100, 69.548780
100, 76.289037
100, 66.909274
100, 82.094545
100, 70.023891
100, 80.606421
100, 77.294404
100, 63.144319
100, 72.867277
100, 70.861789
100, 64.761589
100, 72.124850
100, 63.643536
100, 71.092915
100, 71.231818
100, 70.250294
100, 73.697867
100, 28.581733
100, 66.740535
100, 53.306494
100, 67.247578
100, 73.968098
100, 70.911290
100, 76.136682
100, 74.941110
100, 71.360478
100, 49.438062
100, 80.305164
100, 64.266793
100, 78.917973
100, 71.627610
100, 79.827465
100, 77.768666
100, 73.108742
100, 77.628959
100, 70.201070
100, 69.944563
100, 39.148284
100, 77.460373
100, 59.087248
100, 69.539488
100, 71.754651
100, 71.444698
100, 76.764706
100, 77.783879
100, 70.049889
100, 70.815880
100, 65.951098
100, 67.844419
100, 47.631068
100, 75.051995
100, 74.247537
100, 47.605111
100, 74.406032
100, 75.646988
100, 48.207602
100, 46.977204
100, 77.728380
100, 78.636259
100, 76.602410
100, 71.740700
100, 75.640138
100, 72.252174
100, 78.857143
100, 72.611416
100, 74.793229
100, 71.432866
100, 73.923077
100, 72.526198
100, 81.542271
100, 75.041225
100, 74.554810
100, 93.805714
100, 81.670551
100, 75.025303
100, 82.864959
100, 81.155152
100, 78.521945
100, 69.669851
100, 80.414982
100, 69.024520
100, 75.397213
100, 74.618483
100, 66.706721
100, 72.636468
100, 77.054795
100, 84.337789
100, 74.126464
100, 76.136256
100, 77.441833
100, 73.353326
100, 77.104664
100, 81.332121
100, 75.552448
100, 74.541424
100, 74.141217
100, 66.993724
100, 64.689216
100, 77.873333
100, 71.704348
100, 79.248535
100, 74.090183
100, 71.347238
100, 79.601170
100, 77.118848
100, 77.255787
100, 69.587125
100, 73.759150
100, 75.359485
100, 80.915545
100, 69.737209
100, 70.280641
100, 80.252747
100, 78.497674
100, 78.236364
100, 83.372619
100, 75.154535
100, 106.102481
100, 76.242697
100, 81.755662
100, 76.096110
100, 78.099021
100, 79.127440
100, 85.671117
100, 73.933099
100, 82.946472
100, 77.823185
100, 81.681661
100, 78.650999
100, 79.401899
100, 74.092437
100, 82.996458
100, 83.458531
100, 80.454435
100, 85.913208
100, 82.924731
100, 83.904412
100, 84.222892
100, 82.134524
100, 76.172941
100, 75.299065
100, 82.172170
100, 74.115299
100, 75.011186
100, 77.910047
100, 75.290533
100, 75.751465
100, 80.801663
100, 76.981308
100, 73.876682
100, 77.890315
100, 75.694006
100, 81.048000
100, 83.643198
100, 72.697076
100, 73.390533
100, 73.949881
100, 75.497096
100, 68.920705
100, 70.918644
100, 67.851297
100, 69.263158
100, 71.246681
100, 78.457176
100, 77.960667
100, 72.623570
100, 73.096441
100, 76.640678
100, 73.495028
100, 82.714286
100, 80.197816
100, 77.353151
100, 71.910959
100, 69.781184
100, 68.514314
100, 76.751152
100, 81.107358
100, 83.057178
100, 79.721106
100, 79.396901
100, 79.067146
100, 79.643931
100, 75.520833
100, 75.407563
100, 83.598824
100, 78.226067
100, 81.936375
100, 80.347877
100, 81.363529
100, 85.110429
100, 94.970361
100, 79.617143
100, 81.866667
100, 77.615832
1000, 78.327368
1000, 65.915571
1000, 78.842834
1000, 58.423251
1000, 70.387327
1000, 73.480348
1000, 64.021778
1000, 61.166343
1000, 66.812879
1000, 75.947049
1000, 58.867633
1000, 74.692589
1000, 64.734922
1000, 53.149048
1000, 72.940723
1000, 69.263998
1000, 66.323636
1000, 57.021231
1000, 72.895183
1000, 77.783300
1000, 60.869849
1000, 72.921046
1000, 64.815039
1000, 68.820924
1000, 72.604317
1000, 76.895044
1000, 75.906246
1000, 63.638163
1000, 57.470588
1000, 56.909607
1000, 72.588178
1000, 60.756481
1000, 60.738987
1000, 39.311471
1000, 72.672566
1000, 74.188829
1000, 76.080061
1000, 68.607200
1000, 75.764542
1000, 51.704864
1000, 67.660431
1000, 59.554951
1000, 73.969683
1000, 64.073930
1000, 77.204873
1000, 69.402110
1000, 55.646093
1000, 75.286646
1000, 69.416087
1000, 70.013228
1000, 70.314063
1000, 62.537575
1000, 83.727410
1000, 71.844808
1000, 75.219037
1000, 60.307104
1000, 53.896636
1000, 76.653051
1000, 62.484245
1000, 76.951696
1000, 73.442063
1000, 62.525124
1000, 72.809006
1000, 74.323194
1000, 66.781099
1000, 60.979128
1000, 73.308624
1000, 64.659152
1000, 69.820420
1000, 57.621803
1000, 67.230028
1000, 60.543575
1000, 72.115675
1000, 76.062261
1000, 62.022137
1000, 72.244386
1000, 68.752845
1000, 66.230867
1000, 72.414727
1000, 68.463675
1000, 61.435050
1000, 67.318592
1000, 62.626743
1000, 73.832669
1000, 63.368244
1000, 77.108278
1000, 77.891845
1000, 62.069494
1000, 67.798784
1000, 67.160133
1000, 63.447153
1000, 45.844560
1000, 53.117030
1000, 77.144008
1000, 63.886739
1000, 66.644865
1000, 78.382143
1000, 58.811224
1000, 75.435341
1000, 69.502761
1000, 49.542048
1000, 77.082007
1000, 63.902618
1000, 66.756982
1000, 70.541544
1000, 70.351304
1000, 75.190875
1000, 48.707378
1000, 61.717852
1000, 63.652351
1000, 58.534436
1000, 66.437938
1000, 74.778499
1000, 73.958052
1000, 73.706358
1000, 68.814284
1000, 63.895906
1000, 59.031910
1000, 60.859252
1000, 64.909100
1000, 69.063426
1000, 41.903025
1000, 52.068051
1000, 72.803813
1000, 52.094017
1000, 51.303904
1000, 72.691767
1000, 62.682749
1000, 60.186525
1000, 65.628387
1000, 69.231832
1000, 69.075082
1000, 52.897749
1000, 67.729983
1000, 71.848936
1000, 58.875037
1000, 61.828589
1000, 69.379365
1000, 58.743216
1000, 76.255922
1000, 50.167585
1000, 70.769560
1000, 75.274014
1000, 77.477729
1000, 71.196630
1000, 47.403451
1000, 63.076769
1000, 60.885187
1000, 60.263174
1000, 45.633582
1000, 70.495479
1000, 61.510304
1000, 71.696695
1000, 61.312078
1000, 48.449434
1000, 63.933560
1000, 69.959477
1000, 77.063665
1000, 74.664749
1000, 70.266224
1000, 67.725458
1000, 69.577615
1000, 56.134129
1000, 71.423068
1000, 70.248768
1000, 73.890393
1000, 76.105709
1000, 74.388519
1000, 54.022136
1000, 64.023471
1000, 57.099646
1000, 63.737598
1000, 77.546230
1000, 68.263892
1000, 59.320914
1000, 65.131365
1000, 60.603112
1000, 61.731745
1000, 73.175332
1000, 61.666667
1000, 64.139484
1000, 47.736833
1000, 70.085363
1000, 70.597663
1000, 65.476331
1000, 65.022903
1000, 70.210080
1000, 78.424869
1000, 65.416103
1000, 70.132617
1000, 79.155974
1000, 64.296795
1000, 61.857624
1000, 80.335883
1000, 73.869296
1000, 48.299341
1000, 67.601345
1000, 60.431502
1000, 76.236976
1000, 61.746869
1000, 34.036139
1000, 72.743048
1000, 68.245848
1000, 62.442733
1000, 53.022488
1000, 69.216190
1000, 61.372456
1000, 72.179012
1000, 66.291796
1000, 69.174769
1000, 64.513284
1000, 64.247257
1000, 70.559649
1000, 61.872580
1000, 65.245744
1000, 56.524073
1000, 78.089215
1000, 37.408028
1000, 66.496498
1000, 76.946515
1000, 76.860066
1000, 69.661511
1000, 60.907967
1000, 72.102749
1000, 56.304005
1000, 70.395779
1000, 82.001296
1000, 64.513310
1000, 68.810651
1000, 73.161682
1000, 51.837034
1000, 64.050060
1000, 73.179632
1000, 42.325061
1000, 76.553915
1000, 61.313926
1000, 64.445819
1000, 70.829633
1000, 61.782595
1000, 67.711991
1000, 82.660424
1000, 72.992174
1000, 49.958437
1000, 66.589845
1000, 77.001149
1000, 62.561398
1000, 60.105594
1000, 86.576108
1000, 51.421851
1000, 66.970392
1000, 76.875170
1000, 73.139560
1000, 68.137815
1000, 64.890619
1000, 71.490135
1000, 66.603760
1000, 72.026923
1000, 67.980209
1000, 73.749295
1000, 61.004336
1000, 67.995266
1000, 70.422968
1000, 77.315832
1000, 74.358305
1000, 69.544922
1000, 74.953502
1000, 69.808291
1000, 73.381190
1000, 78.793510
1000, 68.342246
1000, 67.302997
1000, 68.256592
1000, 72.669733
1000, 72.874078
1000, 67.735531
1000, 72.308524
1000, 63.059491
1000, 60.274886
1000, 66.244239
1000, 72.155155
1000, 58.717319
1000, 68.654091
1000, 80.761411
1000, 54.220205
1000, 70.723318
1000, 71.151447
1000, 61.817247
1000, 71.170090
1000, 63.032353
1000, 76.036792
1000, 69.729822
1000, 70.937151
1000, 68.250777
1000, 72.823859
1000, 75.601171
1000, 69.983407
1000, 66.466527
1000, 56.135455
1000, 73.753505
1000, 75.557151
1000, 74.761529
1000, 72.144437
1000, 68.954789
1000, 63.345627
1000, 70.845596
1000, 66.832512
1000, 71.489890
1000, 72.702473
1000, 70.062990
1000, 66.122659
1000, 70.860080
1000, 72.800000
1000, 60.008716
1000, 63.132386
1000, 67.262068
1000, 63.885945
1000, 60.498758
1000, 59.054511
1000, 65.532115
1000, 55.789030
1000, 71.169884
1000, 67.011727
1000, 71.562101
1000, 60.802967
1000, 80.050210
1000, 63.666732
1000, 71.470813
1000, 68.042176
1000, 66.194414
1000, 71.660352
1000, 63.460928
1000, 71.710127
1000, 71.779397
1000, 63.326673
1000, 65.450843
1000, 68.678547
1000, 75.881991
1000, 70.811438
1000, 70.155118
1000, 73.369458
1000, 45.736072
1000, 74.656732
1000, 74.083195
1000, 65.302367
1000, 74.492804
1000, 73.637755
1000, 66.593214
1000, 72.582940
1000, 77.377670
1000, 71.804808
1000, 63.607338
1000, 67.115257
1000, 76.803336
1000, 65.739881
1000, 67.070657
1000, 65.012489
1000, 71.086059
1000, 72.160679
1000, 74.737478
1000, 71.514812
1000, 60.710889
1000, 66.624208
1000, 69.935318
1000, 73.516675
1000, 67.293775
1000, 80.733803
1000, 74.335559
1000, 57.833413
1000, 74.620898
1000, 70.691728
1000, 73.056785
1000, 70.416757
1000, 64.593430
1000, 70.815063
1000, 75.654559
1000, 76.910936
1000, 71.265186
1000, 76.596296
1000, 71.833560
1000, 59.043653
1000, 60.963823
1000, 71.094510
1000, 67.671813
1000, 60.685651
1000, 59.228655
1000, 57.986478
1000, 59.726418
1000, 55.479586
1000, 65.613323
1000, 72.954267
1000, 72.148040
1000, 70.386969
1000, 54.606792
1000, 59.788320
1000, 72.722354
1000, 67.707515
1000, 44.350068
1000, 57.531869
1000, 69.798394
1000, 77.969983
1000, 62.928418
1000, 60.412835
1000, 57.470002
1000, 62.843363
1000, 60.593279
1000, 61.734424
1000, 72.672154
1000, 55.508293
1000, 70.416324
1000, 71.682220
1000, 69.616994
1000, 49.221848
1000, 64.952376
1000, 58.886561
1000, 73.485058
1000, 61.327025
1000, 72.493405
1000, 64.697709
1000, 55.063095
1000, 51.362066
1000, 67.159368
1000, 65.197742
1000, 60.011610
1000, 55.191584
1000, 65.030114
1000, 64.560166
1000, 72.357820
1000, 69.453624
1000, 56.725769
1000, 76.612903
1000, 50.177818
1000, 64.388071
1000, 68.899203
1000, 65.671174
1000, 63.681090
1000, 70.127873
1000, 53.416428
1000, 65.317021
1000, 62.900837
1000, 77.115862
1000, 64.529055
1000, 57.933119
1000, 71.378675
1000, 72.378873
1000, 70.228214
1000, 82.784894
1000, 63.684619
1000, 58.842380
1000, 77.012226
1000, 61.524769
1000, 67.407525
1000, 63.492916
1000, 61.280118
1000, 69.999781
1000, 62.426625
1000, 59.844289
1000, 66.914048
1000, 60.462416
1000, 66.658926
1000, 73.767450
1000, 70.915061
1000, 74.516160
1000, 69.818643
1000, 72.047244
1000, 66.990694
1000, 73.012878
1000, 49.674520
1000, 73.770746
1000, 63.159925
1000, 73.135802
1000, 65.648262
1000, 71.159342
1000, 74.173485
1000, 77.580718
1000, 67.768827
1000, 47.713855
1000, 54.676327
1000, 75.716894
1000, 69.125322
1000, 62.120028
1000, 71.365391
1000, 69.664646
1000, 65.627785
1000, 72.045067
1000, 61.067928
1000, 72.937583
1000, 72.470943
1000, 83.379896
1000, 79.008865
1000, 67.653234
1000, 54.454751
1000, 57.998014
1000, 70.144629
1000, 69.944007
1000, 72.340760
1000, 65.272573
1000, 70.209315
1000, 71.431124
1000, 77.216056
1000, 62.881157
1000, 67.362122
1000, 71.463489
1000, 73.363735
1000, 77.943231
1000, 64.937194
1000, 75.074650
1000, 66.331436
1000, 58.494082
1000, 70.300127
1000, 66.962500
1000, 72.670697
1000, 76.068009
1000, 77.690914
1000, 68.655601
1000, 69.319382
1000, 78.345455
1000, 69.252289
1000, 73.956125
1000, 73.961992
1000, 61.563541
1000, 72.718658
1000, 72.965563
1000, 69.759315
1000, 48.565989
1000, 48.714286
1000, 61.620054
1000, 58.242654
1000, 70.392837
1000, 76.285876
1000, 75.542692
1000, 63.920176
1000, 69.914674
1000, 77.321274
1000, 73.915705
1000, 64.241870
1000, 77.091113
1000, 52.467682
1000, 68.559368
1000, 60.371677
1000, 73.517734
1000, 66.553157
1000, 59.271903
1000, 75.537593
1000, 73.915759
1000, 67.922900
1000, 78.729767
1000, 62.245985
1000, 63.044320
1000, 69.632537
1000, 63.850021
1000, 71.626316
1000, 65.301418
1000, 70.203782
1000, 65.893286
1000, 61.479002
1000, 64.458281
1000, 75.543239
1000, 69.372090
1000, 68.866294
1000, 66.809650
1000, 67.932998
1000, 74.281817
1000, 57.377078
1000, 68.070205
1000, 73.841636
1000, 73.974759
1000, 67.657928
1000, 71.384985
1000, 69.993260
1000, 44.948903
1000, 76.668122
1000, 73.796351
1000, 57.556889
1000, 64.424438
1000, 68.763070
1000, 71.436779
1000, 82.217893
1000, 71.408587
1000, 63.656563
1000, 62.211396
1000, 63.316709
1000, 57.052483
1000, 63.102175
1000, 60.939559
1000, 63.305844
1000, 71.107301
1000, 41.820456
1000, 70.871008
1000, 73.750188
1000, 62.513012
1000, 66.666053
1000, 57.682980
1000, 51.376797
1000, 56.365409
1000, 64.599459
1000, 74.426880
1000, 52.027298
1000, 74.615274
1000, 75.302530
1000, 64.885961
1000, 69.198846
1000, 70.211266
1000, 76.637594
1000, 53.479717
1000, 73.650270
1000, 64.992807
1000, 58.183196
1000, 59.925440
1000, 67.292065
1000, 73.308658
1000, 37.570653
1000, 59.302756
1000, 62.706054
1000, 74.836386
1000, 58.728982
1000, 69.464410
1000, 61.947564
1000, 39.869892
1000, 60.225656
1000, 49.115626
1000, 71.219371
1000, 72.156776
1000, 72.222739
1000, 73.761500
1000, 78.158950
1000, 67.133846
1000, 65.234350
1000, 74.093481
1000, 64.725190
1000, 74.846408
1000, 69.165445
1000, 67.313515
1000, 62.267947
1000, 74.904498
1000, 76.717334
1000, 79.756486
1000, 75.003291
1000, 61.403475
1000, 75.454737
1000, 58.591365
1000, 73.711687
1000, 71.633210
1000, 64.588217
1000, 60.222023
1000, 76.637140
1000, 78.578443
1000, 69.796021
1000, 66.490312
1000, 76.845614
1000, 65.759593
1000, 59.630323
1000, 62.013229
1000, 69.554266
1000, 70.992393
1000, 77.048796
1000, 74.417521
1000, 65.562103
1000, 56.845094
1000, 76.238356
1000, 51.602497
1000, 70.170255
1000, 74.272895
1000, 63.944905
1000, 70.474524
1000, 52.090062
1000, 74.541648
1000, 64.409359
1000, 64.951374
1000, 77.355751
1000, 62.479292
1000, 77.755756
1000, 80.069423
1000, 76.107601
1000, 64.007669
1000, 72.432907
1000, 70.868835
1000, 78.458951
1000, 70.588343
1000, 42.328538
1000, 70.508678
1000, 61.545541
1000, 67.898462
1000, 71.159288
1000, 71.913921
1000, 63.840149
1000, 59.160107
1000, 69.762685
1000, 79.395435
1000, 77.061879
1000, 64.845513
1000, 65.683783
1000, 67.012783
1000, 73.533601
1000, 69.878802
1000, 77.091050
1000, 70.117194
1000, 50.855430
1000, 62.601260
1000, 63.898254
1000, 67.043478
1000, 63.560449
1000, 69.441387
1000, 70.664008
1000, 67.758329
1000, 71.064017
1000, 75.633948
1000, 66.435442
1000, 73.230066
1000, 72.592854
1000, 70.591295
1000, 67.592363
1000, 76.035516
1000, 59.786577
1000, 69.631712
1000, 49.589150
1000, 71.589868
1000, 72.109052
1000, 77.797853
1000, 62.184639
1000, 76.188683
1000, 66.006585
1000, 69.371744
1000, 61.874987
1000, 66.375895
1000, 68.487601
1000, 77.092124
1000, 70.670920
1000, 75.972059
1000, 71.901678
1000, 62.631276
1000, 69.947561
1000, 67.313095
1000, 75.617532
1000, 61.292361
1000, 71.337946
1000, 47.030269
1000, 69.167037
1000, 63.465684
1000, 53.496106
1000, 50.266491
1000, 61.111266
1000, 66.579536
1000, 64.072367
1000, 60.530076
1000, 70.021087
1000, 77.228275
1000, 74.752522
1000, 68.694428
1000, 55.562412
1000, 63.089810
1000, 56.693099
1000, 58.929511
1000, 61.011817
1000, 78.923087
1000, 72.933181
1000, 78.382746
1000, 68.816068
1000, 62.683325
1000, 73.655147
1000, 79.149500
1000, 67.746671
1000, 60.028712
1000, 55.157992
1000, 73.631790
1000, 76.556166
1000, 73.209613
1000, 65.670942
1000, 65.202621
1000, 67.075674
1000, 77.483450
1000, 65.556719
1000, 63.971655
1000, 66.270581
1000, 64.208414
1000, 63.686176
1000, 72.562218
1000, 45.056368
1000, 57.812349
1000, 75.481057
1000, 76.101332
1000, 79.206095
1000, 64.466120
1000, 72.703822
1000, 49.580227
1000, 68.190054
1000, 52.325905
1000, 49.303958
1000, 73.017100
1000, 63.780949
1000, 71.304991
1000, 72.063086
1000, 53.753482
1000, 76.833789
1000, 65.667844
1000, 64.247484
1000, 74.445629
1000, 70.680105
1000, 63.093818
1000, 67.888939
1000, 77.225419
1000, 68.385999
1000, 61.299389
1000, 70.456952
1000, 60.761239
1000, 66.434644
1000, 58.778725
1000, 74.677088
1000, 63.921658
1000, 61.555044
1000, 58.608249
1000, 77.431970
1000, 75.307740
1000, 68.172742
1000, 72.576039
1000, 77.313965
1000, 70.822233
1000, 67.307062
1000, 59.606485
1000, 61.202048
1000, 67.853543
1000, 62.840353
1000, 61.581787
1000, 52.601118
1000, 72.482310
1000, 74.935654
1000, 68.087206
1000, 71.329596
1000, 55.192905
1000, 76.403161
1000, 60.631823
1000, 69.959130
1000, 66.738264
1000, 56.021727
1000, 65.073002
1000, 70.128748
1000, 72.445638
1000, 64.508276
1000, 57.117883
1000, 74.134110
1000, 63.426009
1000, 73.274736
1000, 76.261683
1000, 73.988815
1000, 78.104346
1000, 70.508808
1000, 56.610005
1000, 80.277730
1000, 72.415720
1000, 45.633007
1000, 73.786081
1000, 65.346475
1000, 71.125571
1000, 61.417064
1000, 64.832723
1000, 48.181169
1000, 79.343678
1000, 62.204961
1000, 69.170363
1000, 66.144364
1000, 61.100439
1000, 68.687766
1000, 78.865727
1000, 71.117875
1000, 64.352910
1000, 62.455261
1000, 50.942971
1000, 77.500682
1000, 64.696547
1000, 70.523509
1000, 70.951123
1000, 67.051629
1000, 65.912068
1000, 72.731686
1000, 61.981443
1000, 70.637716
1000, 67.925132
1000, 54.347563
1000, 65.973267
1000, 69.114198
1000, 66.089706
1000, 64.999893
1000, 67.820653
1000, 68.042646
1000, 71.658688
1000, 76.256273
1000, 64.222833
1000, 54.277297
1000, 67.757227
1000, 75.340559
1000, 72.894419
1000, 76.584349
1000, 79.435212
1000, 78.977347
1000, 64.083730
1000, 65.475521
1000, 73.396292
1000, 51.846382
1000, 73.440331
1000, 64.965548
1000, 54.011729
1000, 65.916767
1000, 65.167937
1000, 73.923401
1000, 64.179527
1000, 66.053101
1000, 61.967241
1000, 59.319130
1000, 68.653354
1000, 76.837120
1000, 62.016560
1000, 59.611244
1000, 74.632349
1000, 61.152663
1000, 58.430385
1000, 73.116182
1000, 84.181806
1000, 44.110287
1000, 57.735602
1000, 64.429895
1000, 68.103526
1000, 46.862394
1000, 45.960771
1000, 77.016066
1000, 65.677337
1000, 64.202719
1000, 72.300096
1000, 44.607234
1000, 50.600520
1000, 73.811107
1000, 47.955576
1000, 77.421026
1000, 59.272136
1000, 73.388736
1000, 67.359091
1000, 68.033859
1000, 55.160733
1000, 74.209317
1000, 62.731589
1000, 67.968878
1000, 61.017731
1000, 61.413885
1000, 41.265679
1000, 68.772807
1000, 75.640508
1000, 76.671271
1000, 61.593606
1000, 66.259267
1000, 73.800454
1000, 49.632041
1000, 67.086625
1000, 57.904163
1000, 65.346930
1000, 77.659224
1000, 66.954987
1000, 79.127508
1000, 69.639226
1000, 66.936400
1000, 64.243072
1000, 55.806554
1000, 66.662366
1000, 53.939287
1000, 66.909033
1000, 76.882545
1000, 72.062188
1000, 60.726904
1000, 60.575755
1000, 65.310711
1000, 63.511035
1000, 63.725394
1000, 65.144807
1000, 63.399474
1000, 71.004237
1000, 79.260313
1000, 64.547970
1000, 58.532308
1000, 64.894842
1000, 76.537427
1000, 65.816659
1000, 58.757700
1000, 60.553440
1000, 79.382281
1000, 59.120416
1000, 76.967599
1000, 64.964200
1000, 61.104927
1000, 51.497330
1000, 57.924447
1000, 80.270478
1000, 65.688623
1000, 72.785955
1000, 61.869218
1000, 84.683499
1000, 65.579744
1000, 72.648655
1000, 73.605600
1000, 73.545117
1000, 56.243399
1000, 78.954219
1000, 68.018508
1000, 77.935108
10000, 71.403960
10000, 70.827474
10000, 65.785652
10000, 67.024875
10000, 66.612718
10000, 68.174301
10000, 69.470929
10000, 65.948611
10000, 70.339350
10000, 70.443848
10000, 69.306119
10000, 71.880046
10000, 72.186008
10000, 71.591189
10000, 71.623888
10000, 65.099552
10000, 66.884498
10000, 71.235876
10000, 67.920774
10000, 68.513224
10000, 71.210507
10000, 69.245590
10000, 73.146093
10000, 68.862227
10000, 69.666890
10000, 69.649877
10000, 70.208010
10000, 70.705744
10000, 69.228062
10000, 69.999386
10000, 67.782423
10000, 84.246055
10000, 62.985953
10000, 71.457150
10000, 66.324609
10000, 55.721665
10000, 68.344642
10000, 63.832170
10000, 66.457131
10000, 63.534690
10000, 67.611864
10000, 70.202428
10000, 63.110370
10000, 64.836804
10000, 66.547760
10000, 65.871277
10000, 66.018887
10000, 62.898903
10000, 66.308071
10000, 71.783842
10000, 60.331803
10000, 69.478498
10000, 65.550921
10000, 64.638316
10000, 65.930575
10000, 59.025718
10000, 61.803112
10000, 68.617421
10000, 68.650422
10000, 60.632406
10000, 68.972929
10000, 63.848159
10000, 64.383676
10000, 67.902329
10000, 63.669949
10000, 64.356388
10000, 68.183011
10000, 66.525075
10000, 66.372836
10000, 69.099076
10000, 60.091387
10000, 68.418249
10000, 66.179324
10000, 64.324832
10000, 66.686098
10000, 69.675780
10000, 65.818766
10000, 67.629095
10000, 70.821577
10000, 69.996396
10000, 66.180416
10000, 66.098315
10000, 69.227488
10000, 68.580211
10000, 68.787750
10000, 69.341318
10000, 59.873345
10000, 67.367444
10000, 64.738941
10000, 60.527145
10000, 65.706863
10000, 70.721642
10000, 60.976332
10000, 70.811014
10000, 63.285919
10000, 67.040290
10000, 81.186243
10000, 64.148527
10000, 66.397061
10000, 63.322582
10000, 64.360925
10000, 66.257500
10000, 68.773472
10000, 66.060609
10000, 61.758172
10000, 68.061845
10000, 63.940674
10000, 69.631025
10000, 69.172425
10000, 64.493653
10000, 68.713005
10000, 67.218904
10000, 69.126231
10000, 60.417323
10000, 67.077410
10000, 69.049499
10000, 64.794511
10000, 62.942238
10000, 67.147375
10000, 66.062922
10000, 61.271154
10000, 68.092444
10000, 58.952546
10000, 61.933733
10000, 69.927715
10000, 66.086709
10000, 64.267412
10000, 67.218239
10000, 74.208270
10000, 67.627626
10000, 65.750297
10000, 66.900110
10000, 62.429747
10000, 58.408612
10000, 68.403286
10000, 54.810990
10000, 54.514527
10000, 62.854241
10000, 93.951531
10000, 66.168635
10000, 75.744137
10000, 70.693345
10000, 69.856624
10000, 60.887763
10000, 39.933920
10000, 66.681551
10000, 62.984868
10000, 60.000061
10000, 60.433839
10000, 61.250464
10000, 67.920850
10000, 67.538956
10000, 73.289909
10000, 69.442460
10000, 63.182800
10000, 68.353957
10000, 67.086696
10000, 64.001535
10000, 74.154490
10000, 60.776230
10000, 68.457449
10000, 65.209103
10000, 69.083125
10000, 67.702202
10000, 64.038687
10000, 62.901320
10000, 64.438284
10000, 67.898939
10000, 65.254743
10000, 66.926938
10000, 66.492914
10000, 68.230608
10000, 62.193664
10000, 66.366366
10000, 68.731026
10000, 63.891008
10000, 62.045414
10000, 68.226354
10000, 67.918607
10000, 59.773532
10000, 67.270860
10000, 64.845307
10000, 66.893842
10000, 67.514893
10000, 65.475754
10000, 66.979609
10000, 58.723423
10000, 69.172180
10000, 65.193328
10000, 61.472900
10000, 67.506567
10000, 65.819325
10000, 60.528179
10000, 67.766667
10000, 68.877503
10000, 65.371023
10000, 68.169580
10000, 65.145623
10000, 68.531860
10000, 66.058053
10000, 65.012318
10000, 65.804817
10000, 66.113762
10000, 63.461883
10000, 66.054643
10000, 67.360281
10000, 72.410655
10000, 66.009218
10000, 62.432727
10000, 69.261059
10000, 67.805562
10000, 67.599344
10000, 61.100305
10000, 65.876713
10000, 67.542032
10000, 66.279185
10000, 64.863340
10000, 64.277890
10000, 69.804405
10000, 68.250089
10000, 64.127997
10000, 65.948941
10000, 80.525484
10000, 67.245641
10000, 68.276155
10000, 66.286484
10000, 67.107614
10000, 65.534599
10000, 66.926554
10000, 70.214429
10000, 59.391729
10000, 69.031747
10000, 65.988985
10000, 68.702336
10000, 69.009201
10000, 63.862563
10000, 66.247178
10000, 72.192672
10000, 62.116020
10000, 65.494716
10000, 68.754963
10000, 73.388125
10000, 67.092259
10000, 69.684148
10000, 65.700173
10000, 60.704626
10000, 62.507979
10000, 63.948612
10000, 70.395485
10000, 64.399135
10000, 63.793663
10000, 58.782720
10000, 67.602671
10000, 67.279885
10000, 70.660133
10000, 65.629342
10000, 70.132200
10000, 71.416353
10000, 64.766116
10000, 66.959933
10000, 70.005064
10000, 68.501088
10000, 61.659115
10000, 68.389453
10000, 64.031632
10000, 62.932713
10000, 69.890437
10000, 65.443152
10000, 70.158738
10000, 69.646626
10000, 61.019627
10000, 69.119992
10000, 68.045389
10000, 69.741153
10000, 66.336084
10000, 66.066334
10000, 62.138825
10000, 69.075076
10000, 65.367423
10000, 66.639917
10000, 66.114580
10000, 61.485826
10000, 70.755613
10000, 64.089782
10000, 64.365070
10000, 65.942061
10000, 66.941197
10000, 68.300344
10000, 68.233652
10000, 67.185332
10000, 69.411995
10000, 63.005542
10000, 64.444706
10000, 65.345697
10000, 61.519820
10000, 62.250379
10000, 73.292135
10000, 68.730758
10000, 71.386491
10000, 64.275287
10000, 64.782488
10000, 52.813228
10000, 65.772984
10000, 68.748625
10000, 64.731720
10000, 66.478437
10000, 67.963452
10000, 64.131811
10000, 66.838653
10000, 65.613999
10000, 56.647788
10000, 62.557442
10000, 67.517103
10000, 68.372354
10000, 60.884768
10000, 58.968297
10000, 68.762527
10000, 67.161284
10000, 66.007794
10000, 71.506799
10000, 61.281392
10000, 67.309847
10000, 67.030628
10000, 71.236786
10000, 68.270505
10000, 68.638698
10000, 70.171631
10000, 61.811954
10000, 69.074386
10000, 65.005059
10000, 63.030283
10000, 63.645129
10000, 65.238229
10000, 70.070985
10000, 62.777366
10000, 73.208445
10000, 74.272082
10000, 68.843768
10000, 60.672810
10000, 62.976905
10000, 66.723193
10000, 63.592444
10000, 64.935057
10000, 65.518578
10000, 64.564908
10000, 64.888155
10000, 64.738386
10000, 57.219708
10000, 65.436753
10000, 64.825961
10000, 64.543400
10000, 67.841042
10000, 67.246973
10000, 70.811454
10000, 65.874116
10000, 66.954060
10000, 63.662264
10000, 69.878086
10000, 68.830678
10000, 61.538163
10000, 66.678967
10000, 65.216064
10000, 66.996038
10000, 67.003667
10000, 64.208229
10000, 67.209159
10000, 61.696680
10000, 65.937581
10000, 67.442382
10000, 70.012989
10000, 66.677434
10000, 64.236773
10000, 59.810078
10000, 64.232304
10000, 74.643793
10000, 61.036871
10000, 66.780748
10000, 64.065689
10000, 66.101860
10000, 68.233333
10000, 66.951142
10000, 67.351970
10000, 68.117986
10000, 63.543571
10000, 59.647069
10000, 65.812900
10000, 67.466844
10000, 65.294807
10000, 62.946172
10000, 65.779835
10000, 66.478760
10000, 67.443347
10000, 69.064811
10000, 68.153006
10000, 68.295600
10000, 66.019955
10000, 68.907068
10000, 68.028546
10000, 63.455714
10000, 68.663316
10000, 66.262326
10000, 67.758811
10000, 65.667436
10000, 71.212448
10000, 62.482373
10000, 71.220036
10000, 66.006446
10000, 63.598067
10000, 63.943350
10000, 65.713912
10000, 65.979390
10000, 66.798638
10000, 67.832664
10000, 68.198176
10000, 61.471250
10000, 68.233453
10000, 68.040774
10000, 70.526718
10000, 68.322432
10000, 66.596313
10000, 65.150763
10000, 65.444044
10000, 68.090183
10000, 65.897688
10000, 72.099405
10000, 64.919352
10000, 65.142815
10000, 67.945562
10000, 63.325896
10000, 65.556382
10000, 71.543579
10000, 69.361924
10000, 69.349006
10000, 66.938359
10000, 54.134284
10000, 66.957463
10000, 62.512367
10000, 65.126848
10000, 67.863777
10000, 68.815848
10000, 65.576601
10000, 63.234800
10000, 64.894526
10000, 57.842968
10000, 58.286510
10000, 62.061844
10000, 69.212929
10000, 65.992124
10000, 64.154539
10000, 63.907760
10000, 67.487122
10000, 62.503227
10000, 65.709638
10000, 67.632111
10000, 67.482633
10000, 68.891828
10000, 66.037720
10000, 63.804757
10000, 62.564938
10000, 69.362070
10000, 65.264295
10000, 67.699741
10000, 67.709269
10000, 62.795616
10000, 64.899516
10000, 64.032094
10000, 65.175468
10000, 63.060051
10000, 67.930983
10000, 61.074999
10000, 65.365400
10000, 65.793756
10000, 65.875661
10000, 71.246675
10000, 65.935930
10000, 67.757295
10000, 64.741506
10000, 70.886006
10000, 62.763411
10000, 67.321276
10000, 64.780551
10000, 68.589210
10000, 63.560815
10000, 60.947544
10000, 68.419560
10000, 67.004241
10000, 68.159260
10000, 69.853474
10000, 67.077579
10000, 66.840078
10000, 70.091340
10000, 65.119689
10000, 63.851607
10000, 60.804960
10000, 66.453362
10000, 66.833527
10000, 62.860149
10000, 62.399486
10000, 66.793120
10000, 63.523481
10000, 67.004001
10000, 67.162632
10000, 68.474793
10000, 56.916000
10000, 64.694172
10000, 65.802896
10000, 66.549632
10000, 68.976470
10000, 73.638120
10000, 63.883611
10000, 69.784834
10000, 67.735380
10000, 67.735328
10000, 64.708543
10000, 74.572912
10000, 64.711156
10000, 64.002133
10000, 60.338067
10000, 60.694136
10000, 64.441353
10000, 75.612438
10000, 66.049779
10000, 52.393081
10000, 79.551477
10000, 64.966955
10000, 68.078771
10000, 66.558348
10000, 68.580838
10000, 66.762259
10000, 68.068184
10000, 63.543730
10000, 67.597588
10000, 68.013015
10000, 65.671215
10000, 67.134686
10000, 65.214296
10000, 73.710115
10000, 68.793454
10000, 64.831936
10000, 71.087533
10000, 66.856508
10000, 63.282803
10000, 68.987674
10000, 66.477464
10000, 65.784276
10000, 65.085039
10000, 66.100201
10000, 62.675538
10000, 64.509170
10000, 66.531377
10000, 63.882498
10000, 67.460270
10000, 64.027600
10000, 65.644470
10000, 63.867940
10000, 67.875255
10000, 58.371552
10000, 63.654740
10000, 65.750648
10000, 68.971620
10000, 66.880964
10000, 60.333895
10000, 68.150015
10000, 68.173099
10000, 65.916473
10000, 65.873526
10000, 67.721003
10000, 58.986867
10000, 67.122414
10000, 63.207589
10000, 66.248923
10000, 54.438128
10000, 68.586662
10000, 64.165540
10000, 66.214342
10000, 67.018910
10000, 68.318564
10000, 66.834112
10000, 67.203189
10000, 62.993825
10000, 66.846361
10000, 65.472851
10000, 64.508783
10000, 68.999733
10000, 62.293701
10000, 70.005202
10000, 64.016616
10000, 61.446533
10000, 62.062066
10000, 48.392604
10000, 66.037687
10000, 59.567466
10000, 68.509551
10000, 69.585846
10000, 69.963490
10000, 67.096878
10000, 67.810948
10000, 69.112783
10000, 64.053793
10000, 67.316311
10000, 65.500861
10000, 70.795778
10000, 64.898481
10000, 66.895425
10000, 67.371097
10000, 65.062318
10000, 63.489953
10000, 68.906406
10000, 66.578794
10000, 67.565451
10000, 67.380117
10000, 64.010543
10000, 66.694493
10000, 69.298037
10000, 69.130994
10000, 68.558181
10000, 65.758905
10000, 63.152374
10000, 63.787178
10000, 68.901433
10000, 61.755915
10000, 61.624470
10000, 67.386565
10000, 66.999112
10000, 66.684912
10000, 67.030144
10000, 66.562941
10000, 66.276255
10000, 70.413212
10000, 69.540454
10000, 67.881447
10000, 65.517370
10000, 66.730457
10000, 67.861052
10000, 65.891636
10000, 63.326058
10000, 67.248759
10000, 71.906599
10000, 63.251354
10000, 63.316107
10000, 66.463409
10000, 62.780976
10000, 68.067322
10000, 68.419270
10000, 59.478325
10000, 67.090297
10000, 63.488327
10000, 64.985145
10000, 66.313639
10000, 61.671756
10000, 65.427266
10000, 64.321432
10000, 61.531937
10000, 67.977193
10000, 67.332670
10000, 66.479799
10000, 64.299237
10000, 66.876832
10000, 66.858081
10000, 56.810378
10000, 66.760207
10000, 64.772943
10000, 66.429522
10000, 67.621007
10000, 64.375227
10000, 70.102998
10000, 66.444757
10000, 62.974186
10000, 67.233237
10000, 65.370379
10000, 67.808334
10000, 64.918115
10000, 67.537278
10000, 60.403949
10000, 71.995587
10000, 53.377327
10000, 65.073782
10000, 68.875953
10000, 63.684789
10000, 67.854230
10000, 68.355028
10000, 73.253283
10000, 66.526463
10000, 66.022911
10000, 70.728130
10000, 69.303513
10000, 68.777324
10000, 67.698563
10000, 48.594166
10000, 69.566065
10000, 66.910071
10000, 61.971750
10000, 62.237057
10000, 62.464962
10000, 61.548830
10000, 65.561114
10000, 66.402961
10000, 60.624159
10000, 64.695823
10000, 65.552401
10000, 66.755372
10000, 66.943979
10000, 60.912301
10000, 70.926169
10000, 63.170887
10000, 68.661749
10000, 69.524439
10000, 60.532536
10000, 67.142475
10000, 67.156213
10000, 64.464741
10000, 68.296806
10000, 64.602862
10000, 70.318074
10000, 66.509305
10000, 64.679194
10000, 67.628584
10000, 65.311450
10000, 58.940749
10000, 61.102422
10000, 67.759617
10000, 68.752447
10000, 64.241532
10000, 65.603676
10000, 64.182664
10000, 68.673124
10000, 66.680332
10000, 63.989262
10000, 64.915952
10000, 67.705098
10000, 63.189684
10000, 67.186849
10000, 65.042057
10000, 62.023085
10000, 69.606474
10000, 64.799571
10000, 68.396125
10000, 65.337834
10000, 65.907455
10000, 66.813846
10000, 68.354824
10000, 62.599963
10000, 68.251821
10000, 69.648051
10000, 65.266972
10000, 66.727375
10000, 66.321732
10000, 60.239740
10000, 68.034276
10000, 66.539878
10000, 64.221918
10000, 68.381547
10000, 69.196089
10000, 65.832136
10000, 69.070886
10000, 66.986439
10000, 66.853024
10000, 64.321337
10000, 66.809698
10000, 66.477023
10000, 66.933876
10000, 66.901614
10000, 66.057140
10000, 64.652964
10000, 67.422377
10000, 66.052134
10000, 66.554457
10000, 66.103311
10000, 64.471390
10000, 69.196555
10000, 65.280322
10000, 67.269066
10000, 65.815819
10000, 65.037200
10000, 70.310328
10000, 60.394042
10000, 67.266343
10000, 65.236742
10000, 69.804091
10000, 67.013261
10000, 55.429085
10000, 70.791008
10000, 70.130166
10000, 69.624219
10000, 65.863879
10000, 57.473981
10000, 63.628596
10000, 67.189767
10000, 65.821028
10000, 66.280639
10000, 68.801443
10000, 66.931320
10000, 72.132635
10000, 63.675339
10000, 64.915961
10000, 70.866045
10000, 69.216609
10000, 68.747584
10000, 67.796870
10000, 64.867400
10000, 67.792425
10000, 67.453544
10000, 78.357928
10000, 69.399908
10000, 64.511634
10000, 64.817032
10000, 67.135397
10000, 65.064707
10000, 66.531733
10000, 65.214815
10000, 72.096283
10000, 67.193978
10000, 62.624315
10000, 69.454304
10000, 65.361262
10000, 64.967643
10000, 68.986674
10000, 67.189623
10000, 69.812266
10000, 66.183400
10000, 56.084355
10000, 59.394146
10000, 65.058551
10000, 63.952061
10000, 61.074965
10000, 64.492376
10000, 63.529000
10000, 68.085701
10000, 63.089673
10000, 64.876362
10000, 43.075642
10000, 67.985596
10000, 65.620751
10000, 58.044420
10000, 67.541692
10000, 63.252732
10000, 64.839433
10000, 64.615313
10000, 64.305274
10000, 67.322098
10000, 69.129733
10000, 68.698916
10000, 62.143498
10000, 67.294492
10000, 63.873831
10000, 69.591785
10000, 65.819735
10000, 63.475140
10000, 67.441275
10000, 69.162528
10000, 69.331085
10000, 61.298180
10000, 63.632523
10000, 69.770085
10000, 68.485274
10000, 71.380140
10000, 68.652133
10000, 65.748073
10000, 67.729999
10000, 66.124250
10000, 64.379405
10000, 66.599911
10000, 66.869673
10000, 62.068076
10000, 63.722190
10000, 66.831565
10000, 65.160176
10000, 66.520765
10000, 67.295252
10000, 64.159074
10000, 68.265748
10000, 65.325033
10000, 68.244787
10000, 69.203337
10000, 65.694790
10000, 68.854913
10000, 66.221430
10000, 60.100061
10000, 67.111533
10000, 67.361295
10000, 64.866335
10000, 66.858281
10000, 66.555505
10000, 65.599084
10000, 68.321013
10000, 68.138079
10000, 65.334917
10000, 65.973029
10000, 62.772494
10000, 68.378157
10000, 70.876200
10000, 67.583006
10000, 66.733582
10000, 60.895859
10000, 61.876028
10000, 68.010240
10000, 70.402767
10000, 69.538235
10000, 69.241413
10000, 71.091540
10000, 63.102153
10000, 63.934157
10000, 57.006269
10000, 69.812318
10000, 65.600314
10000, 67.476024
10000, 65.009783
10000, 64.563164
10000, 71.616088
10000, 68.462147
10000, 70.071908
10000, 66.531035
10000, 65.801024
10000, 63.972673
10000, 61.674309
10000, 68.409813
10000, 59.103849
10000, 66.685939
10000, 65.624329
10000, 71.579584
10000, 64.028825
10000, 63.447330
10000, 69.961842
10000, 63.948573
10000, 62.102124
10000, 67.921416
10000, 68.430542
10000, 68.784900
10000, 61.686903
10000, 64.331958
10000, 68.116644
10000, 64.570970
10000, 63.930805
10000, 63.400868
10000, 67.457875
10000, 65.376434
10000, 66.673571
10000, 64.244644
10000, 63.923359
10000, 63.068768
10000, 58.138662
10000, 68.448246
10000, 67.760957
10000, 64.360659
10000, 56.572514
10000, 67.895096
10000, 62.540696
10000, 61.912422
10000, 69.283680
10000, 66.403257
10000, 64.306805
10000, 61.164820
10000, 68.292846
10000, 65.986333
10000, 69.919973
10000, 66.233921
10000, 65.401870
10000, 61.916686
10000, 67.376708
10000, 63.106707
10000, 65.807876
10000, 66.971979
10000, 66.237741
10000, 65.549598
10000, 65.699481
10000, 65.858823
10000, 67.601172
10000, 71.503828
10000, 66.160420
10000, 63.210137
10000, 68.710714
10000, 63.821259
10000, 67.841367
10000, 68.890357
10000, 65.230520
10000, 69.072698
10000, 66.373187
10000, 64.350735
10000, 66.334544
10000, 66.806890
10000, 68.316417
10000, 55.299736
10000, 85.859388
10000, 92.954237
10000, 80.438364
10000, 61.789641
10000, 92.928958
10000, 74.228274
10000, 79.277567
10000, 76.579354
10000, 74.277058
10000, 72.921256
10000, 72.470593
10000, 75.816762
10000, 71.267625
10000, 74.133056
10000, 77.787306
10000, 76.927128
10000, 77.311037
10000, 75.781055
